isolate	Spectinomycin	Cefotaxime	Ceftazidime
ERS379226	19	11	10
ERS379225	17	12	12
ERS379224	18	10	13
ERS379223	15	0	7
ERS379222	14	0	10
ERS379221	19	10	14
ERS379220	16	8	8
ERS379219	19	0	21
ERS379218	16	0	0
ERS379217	13	0	7
ERS379216	18	0	0
ERS358271	20	25	22
ERS358270	16	9	10
ERS358269	15	0	0
ERS358268	15	10	10
ERS358267	17	0	9
ERS358266	19	8	0
ERS358265	17	12	13
ERS358264	17	0	12
ERS358263	20	12	0
ERS358262	18	28	13
ERS358261	16	0	11
ERS358260	18	27	14
ERS358259	20	11	0
ERS358258	20	12	12
ERS358257	16	8	9
ERS358256	17	26	12
ERS358255	16	12	10
ERS358254	17	10	13
ERS358253	15	25	11
ERS358252	21	9	0
ERS358251	16	0	0
ERS358250	19	11	12
ERS358249	18	30	0
ERS358248	15	0	7
ERS358247	15	22	10
ERS358246	15	0	10
ERS358245	16	24	22
ERS358244	15	0	12
ERS358243	19	0	0
ERS358242	18	8	22
ERS358241	15	0	0
ERS358240	15	17	11
ERS358239	15	9	12
ERS358238	17	21	0
ERS358237	18	0	10
ERS358236	15	8	9
ERS358235	16	0	0
ERS358234	17	11	10
ERS358233	17	11	11
ERS358232	17	10	10
ERS358231	16	10	12
ERS358230	18	15	12
ERS358229	17	0	14
ERS358228	17	11	14
ERS358227	18	11	14
ERS358226	17	9	15
ERS358225	17	0	14
ERS358224	17	0	0
ERS358223	17	0	22
ERS358222	17	0	14
ERS358221	17	10	10
ERS358220	15	0	8
ERS358219	17	25	0
ERS358218	15	0	0
ERS358217	14	0	0
ERS358216	14	0	0
ERS358215	16	0	0
ERS358214	16	12	7
ERS358213	14	11	9
ERS358212	15	0	0
ERS358211	15	0	0
ERS358210	17	0	8
ERS358209	16	0	8
ERS358208	16	12	12
ERS358207	16	0	9
ERS358206	15	0	0
ERS358205	16	0	9
ERS358204	17	0	10
ERS358203	12	0	11
ERS358202	15	0	0
ERS358201	16	0	9
ERS358200	25	0	8
ERS358199	18	0	11
ERS358198	14	11	0
ERS358197	18	0	11
ERS358196	15	0	0
ERS358195	15	8	11
ERS358194	15	0	0
ERS358193	12	0	22
ERS358192	16	19	0
ERS358191	18	17	0
ERS358190	18	12	11
ERS358189	20	0	11
ERS358188	18	0	0
ERS358187	15	0	10
ERS358186	15	20	0
ERS358185	16	0	8
ERS358184	18	0	0
ERS358183	16	9	14
ERS358182	18	20	9
ERS358181	18	0	0
ERS358180	15	0	0
ERS358179	16	0	8
ERS358178	18	0	0
ERS358177	16	22	0
ERS358176	18	0	9
ERS358175	18	20	0
ERS358174	17	0	0
ERS358173	19	0	13
ERS358172	18	21	0
ERS358171	19	9	14
ERS358170	20	0	10
ERS358169	19	0	11
ERS358168	16	14	11
ERS358167	18	0	10
ERS358166	19	0	13
ERS358165	16	9	10
ERS358164	17	10	14
ERS358163	15	0	10
ERS358162	19	24	0
ERS358161	19	22	0
ERS358160	19	0	0
ERS358159	18	0	11
ERS358158	18	22	0
ERS358157	18	22	0
ERS358156	18	12	15
ERS358155	18	0	13
ERS358154	18	0	21
ERS358153	18	0	12
ERS358152	19	0	16
ERS358151	22	10	14
ERS358150	19	0	12
ERS358149	16	22	0
ERS358148	18	22	0
ERS358147	20	0	13
ERS358146	17	10	15
ERS358145	17	0	12
ERS358144	19	0	10
ERS358143	15	0	0
ERS358142	15	0	0
ERS358141	18	0	13
ERS358140	15	10	15
ERS358139	18	9	14
ERS358138	17	0	9
ERS358137	15	0	0
ERS358136	17	10	10
ERS358135	18	0	0
ERS358134	18	8	13
ERS358133	17	0	0
ERS358132	19	11	12
ERS358131	15	0	13
ERS358130	18	0	0
ERS358129	19	9	9
ERS358128	18	10	22
ERS358127	22	10	15
ERS358126	17	21	0
ERS358125	16	8	16
ERS358124	16	21	0
ERS358123	18	18	0
ERS358122	16	12	0
ERS358121	19	0	0
ERS358120	19	13	17
ERS358119	18	0	0
ERS358118	15	0	11
ERS358117	18	0	10
ERS358116	17	0	0
ERS358115	15	0	0
ERS358114	19	9	19
ERS358113	16	0	12
ERS358112	22	0	0
ERS358111	18	10	14
ERS358110	18	0	10
ERS358109	19	13	12
ERS358108	16	9	13
ERS358107	17	10	11
ERS358106	14	0	14
ERS358105	17	10	20
ERS358104	18	11	7
ERS358103	16	11	9
ERS358102	16	10	0
ERS358101	18	8	12
ERS358100	18	10	17
ERS358099	18	0	12
ERS358098	17	9	13
ERS358097	18	0	11
ERS358096	19	11	12
ERS358095	19	10	10
ERS358094	15	0	10
ERS358093	19	0	15
ERS358092	16	10	15
ERS358091	20	0	12
ERS358090	18	0	12
ERS358089	20	0	10
ERS358088	19	10	10
ERS358087	17	12	14
ERS358086	18	10	15
ERS358085	16	0	8
ERS358084	17	0	10
ERS358083	20	0	12
ERS358082	16	0	13
ERS358081	16	13	13
ERS358080	16	0	11
ERS358079	16	10	13
ERS358078	20	24	13
ERS358077	16	0	16
ERS358076	16	0	19
ERS358075	18	0	16
ERS358074	16	0	10
ERS358073	18	0	0
ERS358072	15	12	8
ERS358071	17	0	15
ERS358070	17	0	14
ERS358069	16	0	12
ERS358068	16	9	10
ERS358067	14	0	0
ERS358066	16	11	11
ERS358065	19	0	11
ERS358064	20	10	10
ERS358063	16	8	15
ERS358062	18	0	10
ERS358061	17	0	11
ERS358060	18	14	13
ERS358059	17	0	0
ERS358058	18	12	13
ERS358057	20	8	0
ERS358056	20	0	12
ERS358055	15	0	0
ERS358054	16	0	11
ERS358053	18	0	10
ERS358052	18	0	13
ERS358051	14	11	14
ERS358050	20	8	13
ERS358049	19	10	14
ERS358048	19	9	14
ERS358047	17	0	11
ERS358046	16	0	10
ERS358045	17	8	12
ERS358044	15	0	0
ERS358043	16	15	0
ERS358042	17	0	0
ERS358041	19	10	0
ERS358040	14	0	13
ERS358039	18	0	0
ERS358038	17	0	13
ERS358037	19	0	12
ERS358036	16	0	0
ERS358035	18	0	0
ERS358034	17	8	0
ERS358033	16	0	0
ERS358032	15	10	13
ERS358031	14	0	0
ERS358030	15	0	0
ERS358028	18	0	9
ERS358027	15	9	11
ERS358026	14	0	16
ERS358025	15	0	13
ERS358024	13	0	10
ERS358023	15	11	0
ERS358022	18	0	11
ERS358021	17	8	12
ERS358020	16	0	16
ERS358019	12	14	8
ERS358017	17	0	9
ERS358016	14	11	9
ERS358015	15	0	11
ERS358014	19	10	10
ERS358013	14	10	0
ERS358012	15	0	10
ERS358011	16	10	13
ERS358010	15	0	9
ERS358009	15	11	13
ERS358008	16	0	10
ERS358007	20	10	10
ERS358006	13	0	12
ERS358005	13	0	8
ERS358004	12	0	0
ERS358003	15	11	10
ERS358002	16	0	13
ERS358001	17	0	11
ERS358000	16	0	10
ERS357999	19	0	11
ERS357998	8	15	0
ERS357997	16	10	0
ERS357996	15	0	9
ERS357995	20	12	14
ERS357994	19	12	14
ERS357993	13	11	11
ERS357992	16	0	14
ERS357991	19	0	11
ERS357990	15	0	8
ERS357989	17	0	10
ERS357988	17	0	10
ERS357987	18	0	12
ERS357986	14	11	11
ERS357985	18	0	12
ERS357984	20	0	14
ERS357983	14	0	11
ERS357982	16	0	12
ERS357981	18	13	13
ERS357980	18	0	0
ERS357979	15	0	13
ERS357978	16	0	13
ERS357977	16	0	10
ERS357976	17	0	9
ERS357975	20	0	0
ERS357974	15	14	14
ERS357973	18	13	15
ERS357972	11	0	0
ERS357971	16	0	10
ERS357970	19	11	13
ERS357969	16	11	12
ERS357968	10	11	13
ERS357967	18	10	10
ERS357966	16	14	13
ERS357965	18	11	16
ERS357964	18	10	12
ERS357963	17	11	13
ERS357962	18	0	0
ERS357961	16	10	12
ERS357960	17	0	0
ERS357959	15	0	0
ERS357958	16	0	0
ERS357957	18	8	10
ERS357956	18	0	11
ERS357955	16	0	0
ERS357954	14	0	0
ERS357953	18	0	12
ERS357952	12	0	10
ERS357951	17	10	13
ERS357950	13	0	0
ERS357949	14	14	15
ERS357948	16	0	0
ERS357947	15	0	0
ERS357946	18	0	11
ERS357945	15	0	12
ERS357944	17	11	14
ERS357943	16	10	10
ERS357942	18	0	0
ERS357941	16	0	0
ERS357940	14	10	0
ERS357939	14	0	0
ERS357938	15	11	0
ERS357937	23	0	0
ERS357936	15	0	14
ERS357935	18	11	10
ERS357934	17	0	11
ERS357933	18	0	0
ERS357932	17	0	14
ERS357931	15	0	10
ERS357930	16	11	10
ERS357929	17	0	14
ERS357928	18	11	0
ERS357927	16	0	15
ERS357926	16	0	0
ERS357925	17	0	0
ERS357924	18	0	14
ERS357923	17	10	12
ERS357922	16	0	10
ERS357921	16	0	16
ERS357920	20	10	0
ERS357919	21	0	0
ERS357918	18	14	15
ERS357917	17	0	0
ERS357916	18	0	11
ERS357915	19	15	11
ERS357914	13	16	17
ERS357913	17	0	10
ERS357912	18	0	0
ERS357911	18	13	13
ERS357910	18	0	0
ERS357909	20	11	12
ERS357908	17	12	0
ERS357907	16	0	10
ERS357906	16	0	10
ERS357905	12	0	0
ERS357904	15	0	0
ERS357903	17	15	10
ERS357902	18	10	14
ERS357901	18	0	14
ERS357900	16	0	0
ERS357899	18	11	10
ERS357898	17	0	0
ERS357897	15	0	0
ERS357896	15	0	0
ERS357895	15	0	10
ERS357894	16	0	11
ERS357893	18	10	14
ERS357892	16	10	13
ERS357891	15	0	11
ERS357890	16	16	14
ERS357889	18	10	12
ERS357888	11	0	0
ERS357887	15	0	11
ERS357886	16	10	12
ERS357885	15	0	10
ERS357884	13	0	12
ERS357882	15	0	11
ERS357881	14	0	10
ERS357880	17	9	18
ERS357879	15	12	12
ERS357878	15	0	10
ERS357877	20	11	11
ERS357876	13	0	0
ERS357875	12	0	10
ERS357874	15	0	11
ERS357873	18	11	13
ERS357872	15	10	11
ERS357871	17	10	15
ERS357870	16	0	0
ERS357869	15	10	12
ERS357868	15	0	11
ERS357867	16	14	14
ERS357866	17	0	10
ERS357865	15	10	13
ERS357864	17	0	14
ERS357862	15	0	0
ERS357861	15	0	0
ERS357860	15	0	15
ERS357859	15	10	12
ERS357858	15	0	10
ERS357857	13	0	10
ERS357856	16	0	10
ERS357855	15	0	12
ERS357854	13	0	0
ERS357853	16	0	10
ERS357852	13	10	16
ERS357851	13	0	10
ERS357850	17	11	14
ERS357849	14	0	0
ERS357848	12	10	10
ERS357847	14	0	0
ERS357846	16	0	0
ERS357845	16	10	0
ERS357844	12	0	10
ERS357843	14	0	12
ERS357842	14	0	15
ERS357841	14	0	11
ERS357840	11	0	11
ERS357839	14	0	10
ERS357838	15	0	11
ERS357837	20	10	15
ERS357836	18	0	11
ERS357835	14	0	0
ERS357834	17	0	12
ERS357833	18	14	13
ERS357832	18	11	11
ERS357831	17	0	11
ERS357830	20	0	12
ERS357829	16	11	11
ERS357828	12	0	0
ERS357827	15	0	10
ERS357826	16	10	11
ERS357825	13	0	11
ERS357824	17	0	14
ERS357823	18	0	12
ERS357822	16	10	0
ERS357821	20	0	13
ERS357820	16	0	0
ERS357819	15	10	0
ERS357818	15	10	0
ERS357817	15	12	10
ERS357816	16	0	10
ERS357815	17	0	10
ERS357814	15	0	0
ERS357813	15	0	10
ERS357812	20	10	10
ERS357811	18	0	0
ERS357810	19	10	14
ERS357809	19	0	0
ERS357808	18	0	0
ERS357807	17	12	15
ERS357806	14	0	10
ERS357805	15	10	13
ERS357804	15	0	11
ERS357803	19	0	0
ERS357802	17	0	11
ERS357801	15	10	12
ERS357800	14	0	12
ERS357799	20	11	14
ERS357798	20	13	11
ERS357797	20	0	12
ERS357796	15	10	0
ERS357795	18	0	9
ERS357794	15	0	10
ERS357793	13	10	11
ERS357792	17	0	0
ERS357791	14	10	17
ERS357790	17	10	12
ERS357789	18	12	14
ERS357788	18	0	10
ERS357787	17	16	15
ERS357786	17	12	12
ERS357785	16	0	10
ERS357784	17	0	0
ERS357783	15	0	13
ERS357782	14	0	18
ERS357781	15	10	14
ERS357780	19	0	0
ERS357779	18	0	10
ERS357778	17	11	14
ERS357777	18	0	10
ERS357776	14	10	12
ERS357775	15	10	13
ERS357774	19	0	12
ERS357773	15	10	14
ERS357772	14	0	11
ERS357771	19	0	15
ERS357770	17	11	14
ERS357769	14	0	0
ERS357768	16	10	13
ERS357767	20	0	10
ERS357766	18	0	12
ERS357765	18	0	10
ERS357764	14	0	0
ERS357763	15	0	10
ERS357762	16	10	15
ERS357761	18	13	13
ERS357760	21	13	15
ERS357759	21	14	14
ERS357758	14	11	13
ERS357757	18	0	0
ERS357756	18	11	13
ERS357755	17	12	12
ERS357754	17	10	12
ERS357753	18	0	10
ERS357752	17	0	0
ERS357751	17	13	0
ERS357750	17	13	13
ERS357749	17	14	13
ERS357748	17	0	0
ERS357747	18	0	10
ERS357746	15	0	10
ERS357745	15	0	16
ERS357744	16	10	12
ERS357743	13	10	16
ERS357742	14	0	10
ERS357741	17	0	10
ERS357740	16	0	10
ERS357739	19	0	10
ERS357738	17	0	0
ERS357737	13	0	10
ERS357736	17	0	0
ERS357735	14	0	10
ERS357734	14	0	10
ERS357733	14	0	10
ERS357732	13	0	14
ERS357731	14	10	0
ERS357730	17	10	11
ERS357729	14	0	11
ERS357728	19	10	13
ERS357727	15	0	10
ERS357726	18	11	10
ERS357725	15	0	11
ERS357724	14	13	14
ERS357723	0	0	0
ERS357722	17	0	10
ERS357721	17	0	10
ERS357720	17	0	0
ERS357719	16	14	10
ERS357718	15	0	13
ERS357717	16	0	10
ERS357716	17	0	12
ERS357715	21	0	10
ERS357714	13	10	13
ERS357713	17	0	10
ERS357712	15	0	0
ERS357711	15	0	10
ERS357710	16	0	0
ERS357709	16	0	0
ERS357708	17	0	14
ERS357707	16	0	14
ERS357706	13	10	12
ERS357705	14	10	12
ERS357704	16	0	0
ERS357703	12	0	0
ERS357702	15	0	10
ERS357701	17	0	0
ERS357700	14	0	12
ERS357699	14	0	11
ERS357698	12	0	10
ERS357696	14	0	10
ERS357695	15	13	0
ERS357694	11	0	0
ERS357693	15	0	10
ERS357692	14	0	12
ERS357690	18	10	14
ERS357689	17	10	12
ERS357688	16	0	0
ERS357687	15	0	10
ERS357686	16	14	11
ERS357685	17	14	12
ERS357684	20	10	10
ERS357683	22	0	10
ERS357682	11	0	12
ERS357681	15	10	11
ERS357680	15	10	13
ERS357679	20	10	10
ERS357678	17	0	20
ERS357677	10	0	0
ERS357676	17	26	22
ERS357675	18	0	15
ERS357674	16	9	0
ERS357673	16	15	10
ERS357672	17	28	20
ERS357671	19	26	22
ERS357670	17	13	10
ERS357669	22	23	14
ERS357668	20	32	22
ERS357667	17	10	18
ERS357666	20	26	34
ERS357665	20	26	20
ERS357664	17	9	9
ERS357663	20	10	14
ERS357662	17	0	12
ERS357661	16	15	9
ERS357660	16	10	13
ERS357659	20	10	12
ERS357658	18	12	2
ERS357657	20	10	12
ERS357656	16	16	0
ERS357655	15	15	12
ERS357654	16	0	0
ERS357653	18	18	0
ERS357652	19	32	25
ERS357651	18	21	13
ERS357650	21	12	10
ERS357649	15	15	0
ERS357648	17	30	21
ERS357647	14	20	17
ERS357646	15	10	10
ERS357645	18	16	12
ERS357644	15	25	17
ERS357643	18	12	12
ERS357642	17	27	10
ERS357641	17	30	21
ERS357640	16	12	10
ERS357639	18	0	10
ERS357638	16	16	11
ERS357637	16	25	11
ERS357636	17	0	10
ERS357635	14	0	8
ERS357634	16	0	11
ERS357633	16	0	12
ERS357632	16	12	0
ERS357631	15	0	10
ERS357630	15	0	8
ERS357629	15	24	20
ERS357628	16	26	16
ERS357627	15	25	9
ERS357626	17	9	12
ERS357625	20	10	16
ERS357624	18	0	0
ERS357623	18	10	10
ERS357622	17	0	12
ERS357621	15	9	12
ERS357620	17	13	16
ERS357619	16	11	12
ERS357618	14	0	12
ERS357617	16	11	17
ERS357616	16	11	12
ERS357615	18	0	8
ERS357614	17	10	13
ERS357613	18	0	10
ERS357612	16	0	0
ERS357611	17	0	0
ERS357610	16	0	0
ERS357609	17	0	0
ERS357608	18	12	12
ERS357607	17	12	10
ERS357606	15	10	12
ERS357605	14	0	9
ERS357604	12	0	10
ERS357603	17	9	21
ERS357602	14	11	11
ERS357601	15	10	11
ERS357600	16	11	12
ERS357599	15	11	12
ERS357598	15	0	10
ERS357597	17	11	12
ERS357596	16	0	10
ERS357595	16	0	10
ERS357594	15	12	0
ERS357593	21	9	0
ERS357592	16	10	12
ERS357591	17	0	8
ERS357590	16	0	0
ERS357589	17	0	10
ERS357588	16	0	0
ERS357587	18	0	11
ERS357586	17	26	19
ERS357585	19	0	10
ERS357584	20	11	14
ERS357583	17	0	9
ERS357582	17	10	10
ERS357581	15	11	0
ERS357580	17	10	12
ERS357579	16	21	22
ERS357578	20	24	24
ERS357577	20	10	10
ERS357576	18	11	8
ERS357575	15	0	11
ERS357574	17	0	10
ERS357573	20	11	12
ERS357572	20	9	12