.	Basic Statistics	Per Base Sequence Quality	Per Sequence Quality Scores	Per Base Sequence Content	Per Sequence GC Content	Per Base N Content	Sequence Length Distribution	Sequence Duplication Levels	Overrepresented Sequences	Adapter Content
SRR16683517_1	1	1	1	0.25	0.5	1	0.5	0.5	1	1
SRR16683517_2	1	1	1	0.5	0.5	1	0.5	0.5	1	1
SRR16683518_1	1	1	1	0.5	0.5	1	0.5	0.5	1	1
SRR16683518_2	1	1	1	0.5	0.5	1	0.5	0.5	1	1
SRR16683519_1	1	1	1	0.25	0.5	1	0.5	0.5	1	1
SRR16683519_2	1	1	1	0.5	0.5	1	0.5	0.5	1	1
SRR16683520_1	1	1	1	0.25	0.5	1	0.5	0.5	1	1
SRR16683520_2	1	1	1	0.25	0.5	1	0.5	0.5	1	1
SRR16683521_1	1	1	1	0.5	0.5	1	0.5	0.5	1	1
SRR16683521_2	1	1	1	0.5	0.5	1	0.5	0.5	1	1
SRR16683522_1	1	1	1	0.5	0.5	1	0.5	0.5	1	1
SRR16683522_2	1	1	1	0.5	0.5	1	0.5	0.5	1	1
SRR16683523_1	1	1	1	0.5	0.5	1	0.5	0.5	1	1
SRR16683523_2	1	1	1	0.5	0.5	1	0.5	0.5	1	1
SRR16683553_1	1	1	1	0.5	0.5	1	0.5	0.5	1	1
SRR16683553_2	1	1	1	0.5	0.5	1	0.5	0.5	1	1
SRR16683554_1	1	1	1	0.5	0.5	1	0.5	0.5	1	1
SRR16683554_2	1	1	1	0.5	0.5	1	0.5	0.5	1	1
SRR16683555_1	1	1	1	0.5	0.5	1	0.5	0.5	1	1
SRR16683555_2	1	1	1	0.5	0.5	1	0.5	0.5	1	1
SRR16683556_1	1	1	1	0.5	0.5	1	0.5	0.5	1	1
SRR16683556_2	1	1	1	0.5	0.5	1	0.5	0.5	1	1
SRR16683557_1	1	1	1	0.5	0.5	1	0.5	0.5	1	1
SRR16683557_2	1	1	1	0.5	0.5	1	0.5	0.5	1	1
SRR16683558_1	1	1	1	0.5	0.5	1	0.5	0.5	1	1
SRR16683558_2	1	1	1	0.5	0.5	1	0.5	0.5	1	1
SRR16683559_1	1	1	1	0.5	0.5	1	0.5	0.5	1	1
SRR16683559_2	1	1	1	0.5	0.5	1	0.5	0.5	1	1
SRR16683560_1	1	1	1	0.5	0.5	1	0.5	0.5	1	1
SRR16683560_2	1	1	1	0.5	0.5	1	0.5	0.5	1	1
SRR16683561_1	1	1	1	0.5	0.5	1	0.5	0.5	1	1
SRR16683561_2	1	1	1	0.5	0.5	1	0.5	0.5	1	1
SRR16683562_1	1	1	1	0.5	0.5	1	0.5	0.5	1	1
SRR16683562_2	1	1	1	0.5	0.5	1	0.5	0.5	1	1
SRR16683564_1	1	1	1	0.5	0.5	1	0.5	0.5	1	1
SRR16683564_2	1	1	1	0.5	0.5	1	0.5	0.5	1	1
SRR16683565_1	1	1	1	0.5	0.5	1	0.5	0.5	1	1
SRR16683565_2	1	1	1	0.5	0.5	1	0.5	0.5	1	1
SRR16683566_1	1	1	1	0.5	0.5	1	0.5	0.5	1	1
SRR16683566_2	1	1	1	0.5	0.5	1	0.5	0.5	1	1
SRR16683567_1	1	1	1	0.25	0.5	1	0.5	0.5	1	1
SRR16683567_2	1	1	1	0.5	0.5	1	0.5	0.5	1	1
SRR16683568_1	1	1	1	0.25	0.5	1	0.5	0.5	1	1
SRR16683568_2	1	1	1	0.5	0.5	1	0.5	0.5	1	1
SRR16683569_1	1	1	1	0.5	0.5	1	0.5	0.5	1	1
SRR16683569_2	1	1	1	0.5	0.5	1	0.5	0.5	1	1
SRR16683570_1	1	1	1	0.5	0.5	1	0.5	0.5	1	1
SRR16683570_2	1	1	1	0.5	0.5	1	0.5	0.5	1	1
SRR16683571_1	1	1	1	0.5	0.5	1	0.5	0.5	1	1
SRR16683571_2	1	1	1	0.5	0.5	1	0.5	0.5	1	1
SRR16683572_1	1	1	1	0.5	0.5	1	0.5	0.5	1	1
SRR16683572_2	1	1	1	0.5	0.5	1	0.5	0.5	1	1
SRR16683573_1	1	1	1	0.5	0.5	1	0.5	0.5	1	1
SRR16683573_2	1	1	1	0.5	0.5	1	0.5	0.5	1	1
SRR16683575_1	1	1	1	0.5	0.5	1	0.5	0.5	1	1
SRR16683575_2	1	1	1	0.5	0.5	1	0.5	0.5	1	1
SRR16683576_1	1	1	1	0.5	0.5	1	0.5	0.5	1	1
SRR16683576_2	1	1	1	0.5	0.5	1	0.5	0.5	1	1
SRR16683577_1	1	1	1	0.25	0.5	1	0.5	0.5	1	1
SRR16683577_2	1	1	1	0.5	0.5	1	0.5	0.5	1	1
SRR16683578_1	1	1	1	0.5	0.5	1	0.5	0.5	1	1
SRR16683578_2	1	1	1	0.5	0.5	1	0.5	0.5	1	1
SRR16683579_1	1	1	1	0.5	0.5	1	0.5	0.5	1	1
SRR16683579_2	1	1	1	0.5	0.5	1	0.5	0.5	1	1
SRR16683580_1	1	1	1	0.25	0.5	1	0.5	0.5	1	1
SRR16683580_2	1	1	1	0.25	0.5	1	0.5	0.5	1	1
SRR16683614_1	1	1	1	0.5	0.5	1	0.5	0.5	1	1
SRR16683614_2	1	1	1	0.5	0.5	1	0.5	0.5	1	1
SRR16683615_1	1	1	1	0.25	0.5	1	0.5	0.25	1	1
SRR16683615_2	1	1	1	0.5	0.5	1	0.5	0.25	1	1
SRR16683616_1	1	1	1	0.5	0.5	1	0.5	0.5	1	1
SRR16683616_2	1	1	1	0.5	0.5	1	0.5	0.5	1	1
SRR16683617_1	1	1	1	0.5	0.5	1	0.5	0.5	1	1
SRR16683617_2	1	1	1	0.25	0.5	1	0.5	0.5	1	1
SRR16683618_1	1	1	1	0.5	0.5	1	0.5	0.5	1	1
SRR16683618_2	1	1	1	0.5	0.5	1	0.5	0.5	1	1
SRR16683619_1	1	1	1	0.5	0.5	1	0.5	0.5	1	1
SRR16683619_2	1	1	1	0.5	0.5	1	0.5	0.5	1	1
SRR16683620_1	1	1	1	0.5	0.5	1	0.5	0.5	1	1
SRR16683620_2	1	1	1	0.5	0.5	1	0.5	0.5	1	1
SRR16683621_1	1	1	1	0.5	0.5	1	0.5	0.5	1	1
SRR16683621_2	1	1	1	0.5	0.5	1	0.5	0.5	1	1
SRR16683622_1	1	1	1	0.5	0.5	1	0.5	0.5	1	1
SRR16683622_2	1	1	1	0.5	0.5	1	0.5	0.5	1	1
SRR16683623_1	1	1	1	0.5	0.5	1	0.5	0.5	1	1
SRR16683623_2	1	1	1	0.25	0.5	1	0.5	0.5	1	1
SRR16683624_1	1	1	1	0.5	0.5	1	0.5	0.5	1	1
SRR16683624_2	1	1	1	0.5	0.5	1	0.5	0.5	1	1
SRR16683625_1	1	1	1	0.5	0.5	1	0.5	0.5	1	1
SRR16683625_2	1	1	1	0.25	0.5	1	0.5	0.5	1	1
SRR16683626_1	1	1	1	0.5	0.5	1	0.5	0.5	1	1
SRR16683626_2	1	1	1	0.5	0.5	1	0.5	0.5	1	1
SRR16683627_1	1	1	1	0.5	0.5	1	0.5	0.5	1	1
SRR16683627_2	1	1	1	0.5	0.5	1	0.5	0.5	1	1
SRR16683628_1	1	1	1	0.5	0.5	1	0.5	0.5	1	1
SRR16683628_2	1	1	1	0.5	0.5	1	0.5	0.5	1	1
SRR16683629_1	1	1	1	0.5	0.5	1	0.5	0.5	1	1
SRR16683629_2	1	1	1	0.25	0.5	1	0.5	0.5	1	1
SRR16683630_1	1	1	1	0.5	0.5	1	0.5	0.5	1	1
SRR16683630_2	1	1	1	0.5	0.5	1	0.5	0.5	1	1
SRR16683631_1	1	1	1	0.5	0.5	1	0.5	0.5	1	1
SRR16683631_2	1	1	1	0.5	0.5	1	0.5	0.5	1	1
SRR16683632_1	1	1	1	0.5	0.5	1	0.5	0.5	1	1
SRR16683632_2	1	1	1	0.5	0.5	1	0.5	0.5	1	1
SRR16683633_1	1	1	1	0.5	0.5	1	0.5	0.5	1	1
SRR16683633_2	1	1	1	0.5	0.5	1	0.5	0.5	1	1
SRR16683634_1	1	1	1	0.5	0.5	1	0.5	0.5	1	1
SRR16683634_2	1	1	1	0.5	0.5	1	0.5	0.5	1	1
SRR16683635_1	1	1	1	0.5	0.5	1	0.5	0.5	1	1
SRR16683635_2	1	1	1	0.25	0.5	1	0.5	0.5	1	1
SRR16683636_1	1	1	1	0.5	0.5	1	0.5	0.5	1	1
SRR16683636_2	1	1	1	0.5	0.5	1	0.5	0.5	1	1
SRR16683637_1	1	1	1	0.5	0.5	1	0.5	0.5	1	1
SRR16683637_2	1	1	1	0.5	0.5	1	0.5	0.5	1	1
SRR16683638_1	1	1	1	0.5	0.5	1	0.5	0.5	1	1
SRR16683638_2	1	1	1	0.5	0.5	1	0.5	0.5	1	1
SRR16683639_1	1	1	1	0.5	0.5	1	0.5	0.5	1	1
SRR16683639_2	1	1	1	0.5	0.5	1	0.5	0.5	1	1
SRR16683640_1	1	1	1	0.5	0.5	1	0.5	0.5	1	1
SRR16683640_2	1	1	1	0.5	0.5	1	0.5	0.5	1	1
SRR16683642_1	1	1	1	0.5	0.5	1	0.5	0.5	1	1
SRR16683642_2	1	1	1	0.5	0.5	1	0.5	0.5	1	1
SRR16683726_1	1	1	1	0.5	0.5	1	0.5	0.5	1	1
SRR16683726_2	1	1	1	0.5	0.5	1	0.5	0.5	1	1
SRR16683727_1	1	1	1	0.5	0.5	1	0.5	0.5	1	1
SRR16683727_2	1	1	1	0.5	0.5	1	0.5	0.5	1	1
SRR16683728_1	1	1	1	0.5	0.5	1	0.5	0.5	1	1
SRR16683728_2	1	1	1	0.25	0.5	1	0.5	0.5	1	1
SRR16683729_1	1	1	1	0.5	0.5	1	0.5	0.5	1	1
SRR16683729_2	1	1	1	0.5	0.5	1	0.5	0.5	1	1
SRR16683736_1	1	1	1	0.5	0.5	1	0.5	0.5	1	1
SRR16683736_2	1	1	1	0.5	0.5	1	0.5	0.5	1	1
SRR16683747_1	1	1	1	0.5	0.5	1	0.5	0.5	1	1
SRR16683747_2	1	1	1	0.5	0.5	1	0.5	0.5	1	1
SRR16683758_1	1	1	1	0.5	0.5	1	0.5	0.5	1	1
SRR16683758_2	1	1	1	0.5	0.5	1	0.5	0.5	1	1
SRR16683770_1	1	1	1	0.25	0.5	1	0.5	0.5	1	1
SRR16683770_2	1	1	1	0.5	0.5	1	0.5	0.5	1	1
SRR16683781_1	1	1	1	0.25	0.5	1	0.5	0.5	1	1
SRR16683781_2	1	1	1	0.5	0.5	1	0.5	0.5	1	1
SRR16683792_1	1	1	1	0.25	0.5	1	0.5	0.5	1	1
SRR16683792_2	1	1	1	0.25	0.5	1	0.5	0.5	1	1
SRR16683803_1	1	1	1	0.25	0.5	1	0.5	0.5	1	1
SRR16683803_2	1	1	1	0.25	0.5	1	0.5	0.5	1	1
SRR16683814_1	1	1	1	0.25	0.5	1	0.5	0.5	1	1
SRR16683814_2	1	1	1	0.5	0.5	1	0.5	0.5	1	1
