Sample	0	1	2	3	4	5	6	7	8	9	10	11	12	13	14	15	16	17	18	19	20	21	22	23	24	25	26	27	28	29	30	31	32	33
SRR16683517_1	(2.0, 107.0)	(3.0, 0.0)	(4.0, 0.0)	(5.0, 0.0)	(6.0, 0.0)	(7.0, 0.0)	(8.0, 0.0)	(9.0, 0.0)	(10.0, 0.0)	(11.0, 0.0)	(12.0, 0.0)	(13.0, 0.0)	(14.0, 0.0)	(15.0, 1.0)	(16.0, 10.0)	(17.0, 15.0)	(18.0, 49.0)	(19.0, 141.0)	(20.0, 269.0)	(21.0, 645.0)	(22.0, 1293.0)	(23.0, 2677.0)	(24.0, 4597.0)	(25.0, 7874.0)	(26.0, 12156.0)	(27.0, 17716.0)	(28.0, 23952.0)	(29.0, 31990.0)	(30.0, 41722.0)	(31.0, 55361.0)	(32.0, 79657.0)	(33.0, 134093.0)	(34.0, 330988.0)	(35.0, 638754.0)
SRR16683517_2	(2.0, 87.0)	(3.0, 0.0)	(4.0, 0.0)	(5.0, 0.0)	(6.0, 1.0)	(7.0, 3.0)	(8.0, 9.0)	(9.0, 14.0)	(10.0, 15.0)	(11.0, 13.0)	(12.0, 6.0)	(13.0, 13.0)	(14.0, 25.0)	(15.0, 83.0)	(16.0, 126.0)	(17.0, 219.0)	(18.0, 346.0)	(19.0, 622.0)	(20.0, 1188.0)	(21.0, 2172.0)	(22.0, 3522.0)	(23.0, 6013.0)	(24.0, 9178.0)	(25.0, 13648.0)	(26.0, 18372.0)	(27.0, 23617.0)	(28.0, 30230.0)	(29.0, 38308.0)	(30.0, 49148.0)	(31.0, 64992.0)	(32.0, 94271.0)	(33.0, 165358.0)	(34.0, 394783.0)	(35.0, 467685.0)
SRR16683518_1	(2.0, 131.0)	(3.0, 0.0)	(4.0, 0.0)	(5.0, 0.0)	(6.0, 0.0)	(7.0, 0.0)	(8.0, 0.0)	(9.0, 0.0)	(10.0, 0.0)	(11.0, 0.0)	(12.0, 0.0)	(13.0, 0.0)	(14.0, 0.0)	(15.0, 2.0)	(16.0, 6.0)	(17.0, 17.0)	(18.0, 66.0)	(19.0, 131.0)	(20.0, 333.0)	(21.0, 749.0)	(22.0, 1486.0)	(23.0, 2882.0)	(24.0, 5199.0)	(25.0, 9013.0)	(26.0, 13881.0)	(27.0, 20298.0)	(28.0, 27887.0)	(29.0, 36913.0)	(30.0, 48798.0)	(31.0, 64539.0)	(32.0, 92742.0)	(33.0, 157607.0)	(34.0, 396312.0)	(35.0, 825624.0)
SRR16683518_2	(2.0, 119.0)	(3.0, 0.0)	(4.0, 0.0)	(5.0, 1.0)	(6.0, 1.0)	(7.0, 4.0)	(8.0, 11.0)	(9.0, 17.0)	(10.0, 30.0)	(11.0, 25.0)	(12.0, 12.0)	(13.0, 11.0)	(14.0, 25.0)	(15.0, 90.0)	(16.0, 133.0)	(17.0, 206.0)	(18.0, 327.0)	(19.0, 615.0)	(20.0, 1167.0)	(21.0, 1850.0)	(22.0, 3024.0)	(23.0, 4910.0)	(24.0, 7811.0)	(25.0, 11573.0)	(26.0, 16616.0)	(27.0, 22807.0)	(28.0, 29767.0)	(29.0, 39199.0)	(30.0, 50927.0)	(31.0, 68463.0)	(32.0, 101081.0)	(33.0, 181664.0)	(34.0, 473850.0)	(35.0, 688280.0)
SRR16683519_1	(2.0, 139.0)	(3.0, 0.0)	(4.0, 0.0)	(5.0, 0.0)	(6.0, 0.0)	(7.0, 0.0)	(8.0, 0.0)	(9.0, 0.0)	(10.0, 0.0)	(11.0, 0.0)	(12.0, 0.0)	(13.0, 0.0)	(14.0, 0.0)	(15.0, 1.0)	(16.0, 6.0)	(17.0, 21.0)	(18.0, 48.0)	(19.0, 152.0)	(20.0, 336.0)	(21.0, 864.0)	(22.0, 1900.0)	(23.0, 3594.0)	(24.0, 6191.0)	(25.0, 9932.0)	(26.0, 15384.0)	(27.0, 21773.0)	(28.0, 30123.0)	(29.0, 39863.0)	(30.0, 51913.0)	(31.0, 69183.0)	(32.0, 98678.0)	(33.0, 164459.0)	(34.0, 401904.0)	(35.0, 850517.0)
SRR16683519_2	(2.0, 91.0)	(3.0, 0.0)	(4.0, 1.0)	(5.0, 0.0)	(6.0, 1.0)	(7.0, 2.0)	(8.0, 13.0)	(9.0, 28.0)	(10.0, 34.0)	(11.0, 18.0)	(12.0, 20.0)	(13.0, 15.0)	(14.0, 28.0)	(15.0, 92.0)	(16.0, 156.0)	(17.0, 174.0)	(18.0, 354.0)	(19.0, 730.0)	(20.0, 1398.0)	(21.0, 2274.0)	(22.0, 3856.0)	(23.0, 6081.0)	(24.0, 9582.0)	(25.0, 13697.0)	(26.0, 19135.0)	(27.0, 25822.0)	(28.0, 33416.0)	(29.0, 43093.0)	(30.0, 56425.0)	(31.0, 75261.0)	(32.0, 109356.0)	(33.0, 191220.0)	(34.0, 475822.0)	(35.0, 698786.0)
SRR16683520_1	(2.0, 146.0)	(3.0, 0.0)	(4.0, 0.0)	(5.0, 0.0)	(6.0, 0.0)	(7.0, 0.0)	(8.0, 0.0)	(9.0, 0.0)	(10.0, 0.0)	(11.0, 0.0)	(12.0, 0.0)	(13.0, 0.0)	(14.0, 0.0)	(15.0, 1.0)	(16.0, 8.0)	(17.0, 20.0)	(18.0, 51.0)	(19.0, 130.0)	(20.0, 421.0)	(21.0, 992.0)	(22.0, 2007.0)	(23.0, 3531.0)	(24.0, 5918.0)	(25.0, 9282.0)	(26.0, 14020.0)	(27.0, 19979.0)	(28.0, 27412.0)	(29.0, 35871.0)	(30.0, 46692.0)	(31.0, 63235.0)	(32.0, 91242.0)	(33.0, 154366.0)	(34.0, 387929.0)	(35.0, 858047.0)
SRR16683520_2	(2.0, 110.0)	(3.0, 0.0)	(4.0, 0.0)	(5.0, 1.0)	(6.0, 1.0)	(7.0, 3.0)	(8.0, 9.0)	(9.0, 18.0)	(10.0, 26.0)	(11.0, 21.0)	(12.0, 15.0)	(13.0, 13.0)	(14.0, 25.0)	(15.0, 113.0)	(16.0, 137.0)	(17.0, 192.0)	(18.0, 351.0)	(19.0, 718.0)	(20.0, 1492.0)	(21.0, 2521.0)	(22.0, 4130.0)	(23.0, 6214.0)	(24.0, 9588.0)	(25.0, 13515.0)	(26.0, 18100.0)	(27.0, 24355.0)	(28.0, 31085.0)	(29.0, 40257.0)	(30.0, 51930.0)	(31.0, 70567.0)	(32.0, 103794.0)	(33.0, 183565.0)	(34.0, 462730.0)	(35.0, 695704.0)
SRR16683521_1	(2.0, 140.0)	(3.0, 0.0)	(4.0, 0.0)	(5.0, 0.0)	(6.0, 0.0)	(7.0, 0.0)	(8.0, 0.0)	(9.0, 0.0)	(10.0, 0.0)	(11.0, 0.0)	(12.0, 0.0)	(13.0, 0.0)	(14.0, 0.0)	(15.0, 0.0)	(16.0, 4.0)	(17.0, 23.0)	(18.0, 61.0)	(19.0, 157.0)	(20.0, 354.0)	(21.0, 793.0)	(22.0, 1705.0)	(23.0, 3201.0)	(24.0, 5498.0)	(25.0, 9082.0)	(26.0, 14203.0)	(27.0, 20638.0)	(28.0, 28376.0)	(29.0, 37497.0)	(30.0, 48486.0)	(31.0, 64694.0)	(32.0, 92267.0)	(33.0, 153706.0)	(34.0, 370203.0)	(35.0, 730889.0)
SRR16683521_2	(2.0, 74.0)	(3.0, 0.0)	(4.0, 0.0)	(5.0, 1.0)	(6.0, 3.0)	(7.0, 4.0)	(8.0, 13.0)	(9.0, 17.0)	(10.0, 15.0)	(11.0, 19.0)	(12.0, 18.0)	(13.0, 12.0)	(14.0, 27.0)	(15.0, 124.0)	(16.0, 179.0)	(17.0, 233.0)	(18.0, 355.0)	(19.0, 753.0)	(20.0, 1238.0)	(21.0, 1922.0)	(22.0, 3242.0)	(23.0, 5516.0)	(24.0, 8555.0)	(25.0, 12598.0)	(26.0, 17855.0)	(27.0, 24104.0)	(28.0, 31087.0)	(29.0, 40651.0)	(30.0, 52540.0)	(31.0, 69655.0)	(32.0, 101889.0)	(33.0, 177182.0)	(34.0, 433344.0)	(35.0, 598752.0)
SRR16683522_1	(2.0, 157.0)	(3.0, 0.0)	(4.0, 0.0)	(5.0, 0.0)	(6.0, 0.0)	(7.0, 0.0)	(8.0, 0.0)	(9.0, 0.0)	(10.0, 0.0)	(11.0, 0.0)	(12.0, 0.0)	(13.0, 0.0)	(14.0, 0.0)	(15.0, 2.0)	(16.0, 13.0)	(17.0, 20.0)	(18.0, 76.0)	(19.0, 166.0)	(20.0, 432.0)	(21.0, 1078.0)	(22.0, 2203.0)	(23.0, 4018.0)	(24.0, 6584.0)	(25.0, 10708.0)	(26.0, 16177.0)	(27.0, 23380.0)	(28.0, 32352.0)	(29.0, 42990.0)	(30.0, 55496.0)	(31.0, 73339.0)	(32.0, 103098.0)	(33.0, 170065.0)	(34.0, 413578.0)	(35.0, 958366.0)
SRR16683522_2	(2.0, 138.0)	(3.0, 0.0)	(4.0, 0.0)	(5.0, 1.0)	(6.0, 0.0)	(7.0, 5.0)	(8.0, 12.0)	(9.0, 22.0)	(10.0, 32.0)	(11.0, 21.0)	(12.0, 17.0)	(13.0, 17.0)	(14.0, 25.0)	(15.0, 127.0)	(16.0, 207.0)	(17.0, 241.0)	(18.0, 427.0)	(19.0, 874.0)	(20.0, 1496.0)	(21.0, 2476.0)	(22.0, 4249.0)	(23.0, 6920.0)	(24.0, 10442.0)	(25.0, 15078.0)	(26.0, 21311.0)	(27.0, 28260.0)	(28.0, 37230.0)	(29.0, 47437.0)	(30.0, 60485.0)	(31.0, 81004.0)	(32.0, 117485.0)	(33.0, 203369.0)	(34.0, 500714.0)	(35.0, 774176.0)
SRR16683523_1	(2.0, 150.0)	(3.0, 0.0)	(4.0, 0.0)	(5.0, 0.0)	(6.0, 0.0)	(7.0, 0.0)	(8.0, 0.0)	(9.0, 0.0)	(10.0, 0.0)	(11.0, 0.0)	(12.0, 0.0)	(13.0, 0.0)	(14.0, 0.0)	(15.0, 0.0)	(16.0, 6.0)	(17.0, 22.0)	(18.0, 59.0)	(19.0, 150.0)	(20.0, 344.0)	(21.0, 821.0)	(22.0, 1735.0)	(23.0, 3348.0)	(24.0, 5953.0)	(25.0, 9422.0)	(26.0, 14135.0)	(27.0, 20834.0)	(28.0, 28416.0)	(29.0, 37371.0)	(30.0, 49548.0)	(31.0, 65742.0)	(32.0, 93539.0)	(33.0, 156998.0)	(34.0, 385638.0)	(35.0, 795875.0)
SRR16683523_2	(2.0, 118.0)	(3.0, 0.0)	(4.0, 0.0)	(5.0, 0.0)	(6.0, 0.0)	(7.0, 3.0)	(8.0, 11.0)	(9.0, 19.0)	(10.0, 18.0)	(11.0, 16.0)	(12.0, 15.0)	(13.0, 17.0)	(14.0, 30.0)	(15.0, 110.0)	(16.0, 165.0)	(17.0, 219.0)	(18.0, 354.0)	(19.0, 764.0)	(20.0, 1382.0)	(21.0, 2311.0)	(22.0, 3830.0)	(23.0, 6064.0)	(24.0, 9307.0)	(25.0, 13541.0)	(26.0, 18911.0)	(27.0, 25017.0)	(28.0, 32584.0)	(29.0, 41937.0)	(30.0, 53771.0)	(31.0, 72392.0)	(32.0, 106085.0)	(33.0, 186245.0)	(34.0, 458154.0)	(35.0, 636716.0)
SRR16683553_1	(2.0, 137.0)	(3.0, 0.0)	(4.0, 0.0)	(5.0, 0.0)	(6.0, 0.0)	(7.0, 0.0)	(8.0, 0.0)	(9.0, 0.0)	(10.0, 0.0)	(11.0, 0.0)	(12.0, 0.0)	(13.0, 0.0)	(14.0, 0.0)	(15.0, 4.0)	(16.0, 9.0)	(17.0, 24.0)	(18.0, 68.0)	(19.0, 132.0)	(20.0, 314.0)	(21.0, 699.0)	(22.0, 1561.0)	(23.0, 3021.0)	(24.0, 5349.0)	(25.0, 9087.0)	(26.0, 13818.0)	(27.0, 20087.0)	(28.0, 27260.0)	(29.0, 36309.0)	(30.0, 47413.0)	(31.0, 63353.0)	(32.0, 91077.0)	(33.0, 154377.0)	(34.0, 383086.0)	(35.0, 773613.0)
SRR16683553_2	(2.0, 97.0)	(3.0, 0.0)	(4.0, 0.0)	(5.0, 0.0)	(6.0, 0.0)	(7.0, 2.0)	(8.0, 8.0)	(9.0, 23.0)	(10.0, 23.0)	(11.0, 20.0)	(12.0, 14.0)	(13.0, 13.0)	(14.0, 26.0)	(15.0, 108.0)	(16.0, 173.0)	(17.0, 219.0)	(18.0, 354.0)	(19.0, 723.0)	(20.0, 1262.0)	(21.0, 2340.0)	(22.0, 3767.0)	(23.0, 6054.0)	(24.0, 9367.0)	(25.0, 13784.0)	(26.0, 18801.0)	(27.0, 25195.0)	(28.0, 32420.0)	(29.0, 41279.0)	(30.0, 53672.0)	(31.0, 71366.0)	(32.0, 104401.0)	(33.0, 185594.0)	(34.0, 460740.0)	(35.0, 598953.0)
SRR16683554_1	(2.0, 133.0)	(3.0, 0.0)	(4.0, 0.0)	(5.0, 0.0)	(6.0, 0.0)	(7.0, 0.0)	(8.0, 0.0)	(9.0, 0.0)	(10.0, 0.0)	(11.0, 0.0)	(12.0, 0.0)	(13.0, 0.0)	(14.0, 0.0)	(15.0, 0.0)	(16.0, 4.0)	(17.0, 12.0)	(18.0, 31.0)	(19.0, 108.0)	(20.0, 237.0)	(21.0, 600.0)	(22.0, 1321.0)	(23.0, 2662.0)	(24.0, 4794.0)	(25.0, 7879.0)	(26.0, 12304.0)	(27.0, 17900.0)	(28.0, 24579.0)	(29.0, 32453.0)	(30.0, 42376.0)	(31.0, 56725.0)	(32.0, 82032.0)	(33.0, 141232.0)	(34.0, 353370.0)	(35.0, 701806.0)
SRR16683554_2	(2.0, 104.0)	(3.0, 0.0)	(4.0, 0.0)	(5.0, 0.0)	(6.0, 0.0)	(7.0, 4.0)	(8.0, 7.0)	(9.0, 21.0)	(10.0, 19.0)	(11.0, 10.0)	(12.0, 14.0)	(13.0, 11.0)	(14.0, 36.0)	(15.0, 110.0)	(16.0, 152.0)	(17.0, 184.0)	(18.0, 284.0)	(19.0, 547.0)	(20.0, 1039.0)	(21.0, 1790.0)	(22.0, 3067.0)	(23.0, 5189.0)	(24.0, 7941.0)	(25.0, 11770.0)	(26.0, 16410.0)	(27.0, 21968.0)	(28.0, 28934.0)	(29.0, 36572.0)	(30.0, 47488.0)	(31.0, 64073.0)	(32.0, 95074.0)	(33.0, 169721.0)	(34.0, 428413.0)	(35.0, 541606.0)
SRR16683555_1	(2.0, 148.0)	(3.0, 0.0)	(4.0, 0.0)	(5.0, 0.0)	(6.0, 0.0)	(7.0, 0.0)	(8.0, 0.0)	(9.0, 0.0)	(10.0, 0.0)	(11.0, 0.0)	(12.0, 0.0)	(13.0, 0.0)	(14.0, 0.0)	(15.0, 2.0)	(16.0, 3.0)	(17.0, 24.0)	(18.0, 65.0)	(19.0, 143.0)	(20.0, 335.0)	(21.0, 702.0)	(22.0, 1357.0)	(23.0, 2821.0)	(24.0, 5278.0)	(25.0, 8679.0)	(26.0, 13609.0)	(27.0, 19669.0)	(28.0, 27056.0)	(29.0, 35839.0)	(30.0, 47120.0)	(31.0, 63405.0)	(32.0, 90245.0)	(33.0, 153186.0)	(34.0, 382850.0)	(35.0, 776301.0)
SRR16683555_2	(2.0, 100.0)	(3.0, 0.0)	(4.0, 1.0)	(5.0, 0.0)	(6.0, 0.0)	(7.0, 6.0)	(8.0, 7.0)	(9.0, 25.0)	(10.0, 22.0)	(11.0, 23.0)	(12.0, 11.0)	(13.0, 17.0)	(14.0, 36.0)	(15.0, 98.0)	(16.0, 132.0)	(17.0, 209.0)	(18.0, 371.0)	(19.0, 703.0)	(20.0, 1190.0)	(21.0, 1988.0)	(22.0, 3209.0)	(23.0, 5403.0)	(24.0, 8575.0)	(25.0, 12793.0)	(26.0, 17959.0)	(27.0, 24168.0)	(28.0, 31391.0)	(29.0, 40153.0)	(30.0, 52074.0)	(31.0, 70642.0)	(32.0, 103395.0)	(33.0, 182411.0)	(34.0, 459545.0)	(35.0, 612180.0)
SRR16683556_1	(2.0, 122.0)	(3.0, 0.0)	(4.0, 0.0)	(5.0, 0.0)	(6.0, 0.0)	(7.0, 0.0)	(8.0, 0.0)	(9.0, 0.0)	(10.0, 0.0)	(11.0, 0.0)	(12.0, 0.0)	(13.0, 0.0)	(14.0, 0.0)	(15.0, 1.0)	(16.0, 6.0)	(17.0, 23.0)	(18.0, 55.0)	(19.0, 122.0)	(20.0, 274.0)	(21.0, 624.0)	(22.0, 1329.0)	(23.0, 2496.0)	(24.0, 4457.0)	(25.0, 7491.0)	(26.0, 11481.0)	(27.0, 17017.0)	(28.0, 23129.0)	(29.0, 31159.0)	(30.0, 40804.0)	(31.0, 54083.0)	(32.0, 78134.0)	(33.0, 132511.0)	(34.0, 326399.0)	(35.0, 630362.0)
SRR16683556_2	(2.0, 88.0)	(3.0, 0.0)	(4.0, 1.0)	(5.0, 0.0)	(6.0, 0.0)	(7.0, 1.0)	(8.0, 10.0)	(9.0, 14.0)	(10.0, 17.0)	(11.0, 26.0)	(12.0, 13.0)	(13.0, 5.0)	(14.0, 20.0)	(15.0, 87.0)	(16.0, 110.0)	(17.0, 150.0)	(18.0, 303.0)	(19.0, 576.0)	(20.0, 1026.0)	(21.0, 1650.0)	(22.0, 2503.0)	(23.0, 4262.0)	(24.0, 6803.0)	(25.0, 10137.0)	(26.0, 14547.0)	(27.0, 19477.0)	(28.0, 25575.0)	(29.0, 32955.0)	(30.0, 43099.0)	(31.0, 58068.0)	(32.0, 85459.0)	(33.0, 153006.0)	(34.0, 381588.0)	(35.0, 520503.0)
SRR16683557_1	(2.0, 142.0)	(3.0, 0.0)	(4.0, 0.0)	(5.0, 0.0)	(6.0, 0.0)	(7.0, 0.0)	(8.0, 0.0)	(9.0, 0.0)	(10.0, 0.0)	(11.0, 0.0)	(12.0, 0.0)	(13.0, 0.0)	(14.0, 0.0)	(15.0, 2.0)	(16.0, 13.0)	(17.0, 18.0)	(18.0, 53.0)	(19.0, 141.0)	(20.0, 296.0)	(21.0, 653.0)	(22.0, 1405.0)	(23.0, 2623.0)	(24.0, 4648.0)	(25.0, 7660.0)	(26.0, 11738.0)	(27.0, 17134.0)	(28.0, 23568.0)	(29.0, 31341.0)	(30.0, 41004.0)	(31.0, 54630.0)	(32.0, 78366.0)	(33.0, 132860.0)	(34.0, 332610.0)	(35.0, 748870.0)
SRR16683557_2	(2.0, 87.0)	(3.0, 0.0)	(4.0, 1.0)	(5.0, 1.0)	(6.0, 1.0)	(7.0, 1.0)	(8.0, 12.0)	(9.0, 16.0)	(10.0, 17.0)	(11.0, 15.0)	(12.0, 10.0)	(13.0, 13.0)	(14.0, 21.0)	(15.0, 110.0)	(16.0, 142.0)	(17.0, 207.0)	(18.0, 317.0)	(19.0, 651.0)	(20.0, 1214.0)	(21.0, 1989.0)	(22.0, 3241.0)	(23.0, 5322.0)	(24.0, 8212.0)	(25.0, 12067.0)	(26.0, 16651.0)	(27.0, 22144.0)	(28.0, 28144.0)	(29.0, 35711.0)	(30.0, 46642.0)	(31.0, 61618.0)	(32.0, 90277.0)	(33.0, 158481.0)	(34.0, 398434.0)	(35.0, 598006.0)
SRR16683558_1	(2.0, 164.0)	(3.0, 0.0)	(4.0, 0.0)	(5.0, 0.0)	(6.0, 0.0)	(7.0, 0.0)	(8.0, 0.0)	(9.0, 0.0)	(10.0, 0.0)	(11.0, 0.0)	(12.0, 0.0)	(13.0, 0.0)	(14.0, 0.0)	(15.0, 3.0)	(16.0, 10.0)	(17.0, 23.0)	(18.0, 84.0)	(19.0, 197.0)	(20.0, 525.0)	(21.0, 1175.0)	(22.0, 2266.0)	(23.0, 3976.0)	(24.0, 6700.0)	(25.0, 10664.0)	(26.0, 16335.0)	(27.0, 22881.0)	(28.0, 31734.0)	(29.0, 41913.0)	(30.0, 54538.0)	(31.0, 72601.0)	(32.0, 101569.0)	(33.0, 169434.0)	(34.0, 409224.0)	(35.0, 934077.0)
SRR16683558_2	(2.0, 105.0)	(3.0, 0.0)	(4.0, 1.0)	(5.0, 1.0)	(6.0, 3.0)	(7.0, 2.0)	(8.0, 8.0)	(9.0, 18.0)	(10.0, 23.0)	(11.0, 17.0)	(12.0, 21.0)	(13.0, 15.0)	(14.0, 27.0)	(15.0, 110.0)	(16.0, 180.0)	(17.0, 256.0)	(18.0, 439.0)	(19.0, 902.0)	(20.0, 1696.0)	(21.0, 2939.0)	(22.0, 4752.0)	(23.0, 7815.0)	(24.0, 11777.0)	(25.0, 16527.0)	(26.0, 22548.0)	(27.0, 29583.0)	(28.0, 38130.0)	(29.0, 48317.0)	(30.0, 61989.0)	(31.0, 82684.0)	(32.0, 118603.0)	(33.0, 204450.0)	(34.0, 493622.0)	(35.0, 732533.0)
SRR16683559_1	(2.0, 128.0)	(3.0, 0.0)	(4.0, 0.0)	(5.0, 0.0)	(6.0, 0.0)	(7.0, 0.0)	(8.0, 0.0)	(9.0, 0.0)	(10.0, 0.0)	(11.0, 0.0)	(12.0, 0.0)	(13.0, 0.0)	(14.0, 0.0)	(15.0, 1.0)	(16.0, 12.0)	(17.0, 14.0)	(18.0, 39.0)	(19.0, 131.0)	(20.0, 289.0)	(21.0, 632.0)	(22.0, 1305.0)	(23.0, 2480.0)	(24.0, 4442.0)	(25.0, 7599.0)	(26.0, 11585.0)	(27.0, 16972.0)	(28.0, 23676.0)	(29.0, 31157.0)	(30.0, 40815.0)	(31.0, 54480.0)	(32.0, 78219.0)	(33.0, 132516.0)	(34.0, 327801.0)	(35.0, 662165.0)
SRR16683559_2	(2.0, 86.0)	(3.0, 0.0)	(4.0, 0.0)	(5.0, 0.0)	(6.0, 0.0)	(7.0, 4.0)	(8.0, 4.0)	(9.0, 11.0)	(10.0, 27.0)	(11.0, 18.0)	(12.0, 9.0)	(13.0, 16.0)	(14.0, 24.0)	(15.0, 93.0)	(16.0, 132.0)	(17.0, 178.0)	(18.0, 284.0)	(19.0, 639.0)	(20.0, 1110.0)	(21.0, 1901.0)	(22.0, 3413.0)	(23.0, 5759.0)	(24.0, 8931.0)	(25.0, 13149.0)	(26.0, 17923.0)	(27.0, 23720.0)	(28.0, 30097.0)	(29.0, 37678.0)	(30.0, 48384.0)	(31.0, 64512.0)	(32.0, 93548.0)	(33.0, 164675.0)	(34.0, 396456.0)	(35.0, 483677.0)
SRR16683560_1	(2.0, 121.0)	(3.0, 0.0)	(4.0, 0.0)	(5.0, 0.0)	(6.0, 0.0)	(7.0, 0.0)	(8.0, 0.0)	(9.0, 0.0)	(10.0, 0.0)	(11.0, 0.0)	(12.0, 0.0)	(13.0, 0.0)	(14.0, 0.0)	(15.0, 0.0)	(16.0, 6.0)	(17.0, 21.0)	(18.0, 71.0)	(19.0, 151.0)	(20.0, 270.0)	(21.0, 593.0)	(22.0, 1179.0)	(23.0, 2422.0)	(24.0, 4495.0)	(25.0, 7492.0)	(26.0, 12186.0)	(27.0, 17746.0)	(28.0, 24478.0)	(29.0, 32738.0)	(30.0, 43445.0)	(31.0, 57942.0)	(32.0, 85342.0)	(33.0, 147035.0)	(34.0, 367902.0)	(35.0, 642854.0)
SRR16683560_2	(2.0, 95.0)	(3.0, 0.0)	(4.0, 0.0)	(5.0, 1.0)	(6.0, 1.0)	(7.0, 2.0)	(8.0, 6.0)	(9.0, 15.0)	(10.0, 27.0)	(11.0, 15.0)	(12.0, 13.0)	(13.0, 10.0)	(14.0, 23.0)	(15.0, 88.0)	(16.0, 169.0)	(17.0, 215.0)	(18.0, 357.0)	(19.0, 607.0)	(20.0, 1070.0)	(21.0, 1584.0)	(22.0, 2611.0)	(23.0, 4290.0)	(24.0, 6744.0)	(25.0, 10413.0)	(26.0, 14991.0)	(27.0, 20256.0)	(28.0, 26843.0)	(29.0, 34929.0)	(30.0, 45354.0)	(31.0, 62801.0)	(32.0, 93582.0)	(33.0, 169284.0)	(34.0, 432195.0)	(35.0, 519898.0)
SRR16683561_1	(2.0, 228.0)	(3.0, 0.0)	(4.0, 0.0)	(5.0, 0.0)	(6.0, 0.0)	(7.0, 0.0)	(8.0, 0.0)	(9.0, 0.0)	(10.0, 0.0)	(11.0, 0.0)	(12.0, 0.0)	(13.0, 0.0)	(14.0, 0.0)	(15.0, 2.0)	(16.0, 9.0)	(17.0, 35.0)	(18.0, 74.0)	(19.0, 150.0)	(20.0, 385.0)	(21.0, 812.0)	(22.0, 1678.0)	(23.0, 3295.0)	(24.0, 5744.0)	(25.0, 9525.0)	(26.0, 15110.0)	(27.0, 22178.0)	(28.0, 30178.0)	(29.0, 40372.0)	(30.0, 52575.0)	(31.0, 70080.0)	(32.0, 100531.0)	(33.0, 169723.0)	(34.0, 414700.0)	(35.0, 793343.0)
SRR16683561_2	(2.0, 129.0)	(3.0, 0.0)	(4.0, 0.0)	(5.0, 1.0)	(6.0, 2.0)	(7.0, 1.0)	(8.0, 11.0)	(9.0, 23.0)	(10.0, 32.0)	(11.0, 25.0)	(12.0, 15.0)	(13.0, 17.0)	(14.0, 33.0)	(15.0, 114.0)	(16.0, 211.0)	(17.0, 224.0)	(18.0, 385.0)	(19.0, 733.0)	(20.0, 1335.0)	(21.0, 1983.0)	(22.0, 3201.0)	(23.0, 5079.0)	(24.0, 8074.0)	(25.0, 12357.0)	(26.0, 17202.0)	(27.0, 23588.0)	(28.0, 31520.0)	(29.0, 41049.0)	(30.0, 53822.0)	(31.0, 73043.0)	(32.0, 107981.0)	(33.0, 191133.0)	(34.0, 482079.0)	(35.0, 675325.0)
SRR16683562_1	(2.0, 110.0)	(3.0, 0.0)	(4.0, 0.0)	(5.0, 0.0)	(6.0, 0.0)	(7.0, 0.0)	(8.0, 0.0)	(9.0, 0.0)	(10.0, 0.0)	(11.0, 0.0)	(12.0, 0.0)	(13.0, 0.0)	(14.0, 0.0)	(15.0, 1.0)	(16.0, 15.0)	(17.0, 45.0)	(18.0, 94.0)	(19.0, 194.0)	(20.0, 489.0)	(21.0, 1018.0)	(22.0, 1925.0)	(23.0, 3382.0)	(24.0, 5856.0)	(25.0, 9869.0)	(26.0, 14940.0)	(27.0, 21717.0)	(28.0, 30080.0)	(29.0, 39740.0)	(30.0, 52383.0)	(31.0, 68843.0)	(32.0, 98110.0)	(33.0, 162723.0)	(34.0, 399309.0)	(35.0, 987330.0)
SRR16683562_2	(2.0, 82.0)	(3.0, 0.0)	(4.0, 1.0)	(5.0, 1.0)	(6.0, 1.0)	(7.0, 1.0)	(8.0, 10.0)	(9.0, 19.0)	(10.0, 28.0)	(11.0, 23.0)	(12.0, 16.0)	(13.0, 13.0)	(14.0, 29.0)	(15.0, 135.0)	(16.0, 247.0)	(17.0, 293.0)	(18.0, 486.0)	(19.0, 865.0)	(20.0, 1554.0)	(21.0, 2429.0)	(22.0, 4025.0)	(23.0, 6684.0)	(24.0, 10478.0)	(25.0, 15053.0)	(26.0, 20826.0)	(27.0, 28064.0)	(28.0, 35374.0)	(29.0, 45577.0)	(30.0, 58385.0)	(31.0, 77243.0)	(32.0, 111358.0)	(33.0, 193529.0)	(34.0, 482758.0)	(35.0, 802586.0)
SRR16683564_1	(2.0, 152.0)	(3.0, 0.0)	(4.0, 0.0)	(5.0, 0.0)	(6.0, 0.0)	(7.0, 0.0)	(8.0, 0.0)	(9.0, 0.0)	(10.0, 0.0)	(11.0, 0.0)	(12.0, 0.0)	(13.0, 0.0)	(14.0, 0.0)	(15.0, 1.0)	(16.0, 10.0)	(17.0, 26.0)	(18.0, 57.0)	(19.0, 138.0)	(20.0, 335.0)	(21.0, 786.0)	(22.0, 1560.0)	(23.0, 2916.0)	(24.0, 5377.0)	(25.0, 8964.0)	(26.0, 13759.0)	(27.0, 20097.0)	(28.0, 27424.0)	(29.0, 36163.0)	(30.0, 47769.0)	(31.0, 63750.0)	(32.0, 91505.0)	(33.0, 156282.0)	(34.0, 391141.0)	(35.0, 868682.0)
SRR16683564_2	(2.0, 82.0)	(3.0, 0.0)	(4.0, 1.0)	(5.0, 0.0)	(6.0, 1.0)	(7.0, 5.0)	(8.0, 6.0)	(9.0, 23.0)	(10.0, 19.0)	(11.0, 24.0)	(12.0, 13.0)	(13.0, 13.0)	(14.0, 21.0)	(15.0, 92.0)	(16.0, 183.0)	(17.0, 254.0)	(18.0, 399.0)	(19.0, 685.0)	(20.0, 1297.0)	(21.0, 2113.0)	(22.0, 3808.0)	(23.0, 6173.0)	(24.0, 9613.0)	(25.0, 14087.0)	(26.0, 19385.0)	(27.0, 25620.0)	(28.0, 32881.0)	(29.0, 41881.0)	(30.0, 53712.0)	(31.0, 72229.0)	(32.0, 105288.0)	(33.0, 186054.0)	(34.0, 470043.0)	(35.0, 690889.0)
SRR16683565_1	(2.0, 101.0)	(3.0, 0.0)	(4.0, 0.0)	(5.0, 0.0)	(6.0, 0.0)	(7.0, 0.0)	(8.0, 0.0)	(9.0, 0.0)	(10.0, 0.0)	(11.0, 0.0)	(12.0, 0.0)	(13.0, 0.0)	(14.0, 0.0)	(15.0, 1.0)	(16.0, 8.0)	(17.0, 24.0)	(18.0, 81.0)	(19.0, 150.0)	(20.0, 378.0)	(21.0, 885.0)	(22.0, 1693.0)	(23.0, 3058.0)	(24.0, 5432.0)	(25.0, 8728.0)	(26.0, 13511.0)	(27.0, 19978.0)	(28.0, 27218.0)	(29.0, 35916.0)	(30.0, 47261.0)	(31.0, 62777.0)	(32.0, 90064.0)	(33.0, 151662.0)	(34.0, 376924.0)	(35.0, 886994.0)
SRR16683565_2	(2.0, 75.0)	(3.0, 0.0)	(4.0, 0.0)	(5.0, 0.0)	(6.0, 2.0)	(7.0, 0.0)	(8.0, 10.0)	(9.0, 20.0)	(10.0, 23.0)	(11.0, 23.0)	(12.0, 9.0)	(13.0, 19.0)	(14.0, 26.0)	(15.0, 125.0)	(16.0, 246.0)	(17.0, 290.0)	(18.0, 420.0)	(19.0, 795.0)	(20.0, 1352.0)	(21.0, 2152.0)	(22.0, 3613.0)	(23.0, 5598.0)	(24.0, 8833.0)	(25.0, 13365.0)	(26.0, 18098.0)	(27.0, 24280.0)	(28.0, 31552.0)	(29.0, 40120.0)	(30.0, 52040.0)	(31.0, 70277.0)	(32.0, 102108.0)	(33.0, 179625.0)	(34.0, 454584.0)	(35.0, 723164.0)
SRR16683566_1	(2.0, 85.0)	(3.0, 0.0)	(4.0, 0.0)	(5.0, 0.0)	(6.0, 0.0)	(7.0, 0.0)	(8.0, 0.0)	(9.0, 0.0)	(10.0, 0.0)	(11.0, 0.0)	(12.0, 0.0)	(13.0, 0.0)	(14.0, 0.0)	(15.0, 1.0)	(16.0, 14.0)	(17.0, 20.0)	(18.0, 64.0)	(19.0, 153.0)	(20.0, 383.0)	(21.0, 848.0)	(22.0, 1746.0)	(23.0, 3338.0)	(24.0, 5714.0)	(25.0, 9447.0)	(26.0, 14241.0)	(27.0, 20414.0)	(28.0, 28248.0)	(29.0, 37679.0)	(30.0, 48699.0)	(31.0, 65395.0)	(32.0, 93487.0)	(33.0, 157604.0)	(34.0, 388480.0)	(35.0, 803666.0)
SRR16683566_2	(2.0, 60.0)	(3.0, 0.0)	(4.0, 0.0)	(5.0, 0.0)	(6.0, 1.0)	(7.0, 5.0)	(8.0, 10.0)	(9.0, 14.0)	(10.0, 25.0)	(11.0, 20.0)	(12.0, 13.0)	(13.0, 19.0)	(14.0, 30.0)	(15.0, 102.0)	(16.0, 179.0)	(17.0, 250.0)	(18.0, 413.0)	(19.0, 752.0)	(20.0, 1347.0)	(21.0, 2175.0)	(22.0, 3674.0)	(23.0, 6005.0)	(24.0, 9367.0)	(25.0, 13493.0)	(26.0, 18321.0)	(27.0, 24645.0)	(28.0, 32182.0)	(29.0, 40999.0)	(30.0, 53093.0)	(31.0, 70526.0)	(32.0, 104128.0)	(33.0, 183513.0)	(34.0, 455403.0)	(35.0, 658962.0)
SRR16683567_1	(2.0, 222.0)	(3.0, 0.0)	(4.0, 0.0)	(5.0, 0.0)	(6.0, 0.0)	(7.0, 0.0)	(8.0, 0.0)	(9.0, 0.0)	(10.0, 0.0)	(11.0, 0.0)	(12.0, 0.0)	(13.0, 0.0)	(14.0, 0.0)	(15.0, 1.0)	(16.0, 7.0)	(17.0, 35.0)	(18.0, 80.0)	(19.0, 191.0)	(20.0, 400.0)	(21.0, 921.0)	(22.0, 1903.0)	(23.0, 3511.0)	(24.0, 6243.0)	(25.0, 10115.0)	(26.0, 15327.0)	(27.0, 22185.0)	(28.0, 30131.0)	(29.0, 39545.0)	(30.0, 51873.0)	(31.0, 69646.0)	(32.0, 99435.0)	(33.0, 168077.0)	(34.0, 423990.0)	(35.0, 969664.0)
SRR16683567_2	(2.0, 172.0)	(3.0, 0.0)	(4.0, 2.0)	(5.0, 1.0)	(6.0, 2.0)	(7.0, 2.0)	(8.0, 14.0)	(9.0, 20.0)	(10.0, 26.0)	(11.0, 29.0)	(12.0, 20.0)	(13.0, 20.0)	(14.0, 27.0)	(15.0, 116.0)	(16.0, 190.0)	(17.0, 212.0)	(18.0, 402.0)	(19.0, 797.0)	(20.0, 1583.0)	(21.0, 2555.0)	(22.0, 4143.0)	(23.0, 6793.0)	(24.0, 10460.0)	(25.0, 15042.0)	(26.0, 20702.0)	(27.0, 27375.0)	(28.0, 35307.0)	(29.0, 44740.0)	(30.0, 58265.0)	(31.0, 77638.0)	(32.0, 114323.0)	(33.0, 201069.0)	(34.0, 512776.0)	(35.0, 778679.0)
SRR16683568_1	(2.0, 100.0)	(3.0, 0.0)	(4.0, 0.0)	(5.0, 0.0)	(6.0, 0.0)	(7.0, 0.0)	(8.0, 0.0)	(9.0, 0.0)	(10.0, 0.0)	(11.0, 0.0)	(12.0, 0.0)	(13.0, 0.0)	(14.0, 1.0)	(15.0, 0.0)	(16.0, 5.0)	(17.0, 25.0)	(18.0, 90.0)	(19.0, 209.0)	(20.0, 398.0)	(21.0, 932.0)	(22.0, 2022.0)	(23.0, 3810.0)	(24.0, 6533.0)	(25.0, 10442.0)	(26.0, 16009.0)	(27.0, 23204.0)	(28.0, 31897.0)	(29.0, 42487.0)	(30.0, 54911.0)	(31.0, 72984.0)	(32.0, 103875.0)	(33.0, 171844.0)	(34.0, 413793.0)	(35.0, 874952.0)
SRR16683568_2	(2.0, 77.0)	(3.0, 0.0)	(4.0, 2.0)	(5.0, 0.0)	(6.0, 4.0)	(7.0, 3.0)	(8.0, 13.0)	(9.0, 24.0)	(10.0, 26.0)	(11.0, 32.0)	(12.0, 13.0)	(13.0, 17.0)	(14.0, 27.0)	(15.0, 121.0)	(16.0, 216.0)	(17.0, 239.0)	(18.0, 441.0)	(19.0, 856.0)	(20.0, 1525.0)	(21.0, 2453.0)	(22.0, 3870.0)	(23.0, 6253.0)	(24.0, 9702.0)	(25.0, 14230.0)	(26.0, 20040.0)	(27.0, 26796.0)	(28.0, 35205.0)	(29.0, 45634.0)	(30.0, 59088.0)	(31.0, 78243.0)	(32.0, 114844.0)	(33.0, 198957.0)	(34.0, 483041.0)	(35.0, 728531.0)
SRR16683569_1	(2.0, 153.0)	(3.0, 0.0)	(4.0, 0.0)	(5.0, 0.0)	(6.0, 0.0)	(7.0, 0.0)	(8.0, 0.0)	(9.0, 0.0)	(10.0, 0.0)	(11.0, 0.0)	(12.0, 0.0)	(13.0, 0.0)	(14.0, 0.0)	(15.0, 1.0)	(16.0, 9.0)	(17.0, 23.0)	(18.0, 68.0)	(19.0, 171.0)	(20.0, 351.0)	(21.0, 850.0)	(22.0, 1735.0)	(23.0, 3381.0)	(24.0, 5763.0)	(25.0, 9188.0)	(26.0, 13912.0)	(27.0, 20118.0)	(28.0, 27039.0)	(29.0, 35994.0)	(30.0, 46978.0)	(31.0, 62205.0)	(32.0, 89366.0)	(33.0, 148835.0)	(34.0, 367140.0)	(35.0, 767760.0)
SRR16683569_2	(2.0, 88.0)	(3.0, 0.0)	(4.0, 0.0)	(5.0, 3.0)	(6.0, 4.0)	(7.0, 0.0)	(8.0, 6.0)	(9.0, 15.0)	(10.0, 28.0)	(11.0, 20.0)	(12.0, 22.0)	(13.0, 16.0)	(14.0, 30.0)	(15.0, 88.0)	(16.0, 159.0)	(17.0, 244.0)	(18.0, 368.0)	(19.0, 696.0)	(20.0, 1403.0)	(21.0, 2348.0)	(22.0, 4028.0)	(23.0, 6597.0)	(24.0, 9929.0)	(25.0, 13844.0)	(26.0, 19314.0)	(27.0, 25041.0)	(28.0, 32367.0)	(29.0, 41665.0)	(30.0, 53188.0)	(31.0, 70834.0)	(32.0, 103163.0)	(33.0, 180503.0)	(34.0, 440574.0)	(35.0, 594455.0)
SRR16683570_1	(2.0, 142.0)	(3.0, 0.0)	(4.0, 0.0)	(5.0, 0.0)	(6.0, 0.0)	(7.0, 0.0)	(8.0, 0.0)	(9.0, 0.0)	(10.0, 0.0)	(11.0, 0.0)	(12.0, 0.0)	(13.0, 0.0)	(14.0, 0.0)	(15.0, 1.0)	(16.0, 4.0)	(17.0, 30.0)	(18.0, 60.0)	(19.0, 162.0)	(20.0, 426.0)	(21.0, 1035.0)	(22.0, 2359.0)	(23.0, 3869.0)	(24.0, 6373.0)	(25.0, 10200.0)	(26.0, 14912.0)	(27.0, 21567.0)	(28.0, 28834.0)	(29.0, 38298.0)	(30.0, 49317.0)	(31.0, 66545.0)	(32.0, 95472.0)	(33.0, 161260.0)	(34.0, 405575.0)	(35.0, 907899.0)
SRR16683570_2	(2.0, 86.0)	(3.0, 0.0)	(4.0, 2.0)	(5.0, 0.0)	(6.0, 3.0)	(7.0, 1.0)	(8.0, 10.0)	(9.0, 20.0)	(10.0, 26.0)	(11.0, 25.0)	(12.0, 12.0)	(13.0, 12.0)	(14.0, 25.0)	(15.0, 111.0)	(16.0, 172.0)	(17.0, 248.0)	(18.0, 435.0)	(19.0, 876.0)	(20.0, 1755.0)	(21.0, 3073.0)	(22.0, 5002.0)	(23.0, 7629.0)	(24.0, 11211.0)	(25.0, 15525.0)	(26.0, 20764.0)	(27.0, 27182.0)	(28.0, 34629.0)	(29.0, 43850.0)	(30.0, 56024.0)	(31.0, 74740.0)	(32.0, 110110.0)	(33.0, 191679.0)	(34.0, 484644.0)	(35.0, 724459.0)
SRR16683571_1	(2.0, 76.0)	(3.0, 0.0)	(4.0, 0.0)	(5.0, 0.0)	(6.0, 0.0)	(7.0, 0.0)	(8.0, 0.0)	(9.0, 0.0)	(10.0, 0.0)	(11.0, 0.0)	(12.0, 0.0)	(13.0, 0.0)	(14.0, 0.0)	(15.0, 0.0)	(16.0, 6.0)	(17.0, 21.0)	(18.0, 48.0)	(19.0, 100.0)	(20.0, 273.0)	(21.0, 586.0)	(22.0, 1306.0)	(23.0, 2597.0)	(24.0, 4434.0)	(25.0, 7562.0)	(26.0, 11442.0)	(27.0, 16481.0)	(28.0, 22471.0)	(29.0, 29427.0)	(30.0, 38662.0)	(31.0, 52065.0)	(32.0, 75360.0)	(33.0, 130142.0)	(34.0, 330325.0)	(35.0, 712164.0)
SRR16683571_2	(2.0, 75.0)	(3.0, 0.0)	(4.0, 0.0)	(5.0, 1.0)	(6.0, 1.0)	(7.0, 5.0)	(8.0, 3.0)	(9.0, 21.0)	(10.0, 12.0)	(11.0, 16.0)	(12.0, 12.0)	(13.0, 10.0)	(14.0, 12.0)	(15.0, 86.0)	(16.0, 130.0)	(17.0, 170.0)	(18.0, 310.0)	(19.0, 643.0)	(20.0, 1255.0)	(21.0, 2130.0)	(22.0, 3755.0)	(23.0, 6059.0)	(24.0, 9304.0)	(25.0, 13067.0)	(26.0, 17455.0)	(27.0, 22846.0)	(28.0, 28654.0)	(29.0, 36346.0)	(30.0, 46130.0)	(31.0, 61423.0)	(32.0, 90993.0)	(33.0, 160952.0)	(34.0, 403081.0)	(35.0, 530591.0)
SRR16683572_1	(2.0, 136.0)	(3.0, 0.0)	(4.0, 0.0)	(5.0, 0.0)	(6.0, 0.0)	(7.0, 0.0)	(8.0, 0.0)	(9.0, 0.0)	(10.0, 0.0)	(11.0, 0.0)	(12.0, 0.0)	(13.0, 0.0)	(14.0, 0.0)	(15.0, 0.0)	(16.0, 10.0)	(17.0, 21.0)	(18.0, 60.0)	(19.0, 169.0)	(20.0, 352.0)	(21.0, 786.0)	(22.0, 1664.0)	(23.0, 3049.0)	(24.0, 5244.0)	(25.0, 8279.0)	(26.0, 12630.0)	(27.0, 18746.0)	(28.0, 25777.0)	(29.0, 33725.0)	(30.0, 44431.0)	(31.0, 59199.0)	(32.0, 84298.0)	(33.0, 141628.0)	(34.0, 349159.0)	(35.0, 828144.0)
SRR16683572_2	(2.0, 113.0)	(3.0, 0.0)	(4.0, 1.0)	(5.0, 0.0)	(6.0, 1.0)	(7.0, 5.0)	(8.0, 13.0)	(9.0, 25.0)	(10.0, 32.0)	(11.0, 24.0)	(12.0, 11.0)	(13.0, 16.0)	(14.0, 18.0)	(15.0, 89.0)	(16.0, 130.0)	(17.0, 206.0)	(18.0, 350.0)	(19.0, 671.0)	(20.0, 1274.0)	(21.0, 2293.0)	(22.0, 3564.0)	(23.0, 5694.0)	(24.0, 8663.0)	(25.0, 12633.0)	(26.0, 17308.0)	(27.0, 23060.0)	(28.0, 30203.0)	(29.0, 38115.0)	(30.0, 49349.0)	(31.0, 65079.0)	(32.0, 95459.0)	(33.0, 166195.0)	(34.0, 416494.0)	(35.0, 680419.0)
SRR16683573_1	(2.0, 115.0)	(3.0, 0.0)	(4.0, 0.0)	(5.0, 0.0)	(6.0, 0.0)	(7.0, 0.0)	(8.0, 0.0)	(9.0, 0.0)	(10.0, 0.0)	(11.0, 0.0)	(12.0, 0.0)	(13.0, 0.0)	(14.0, 0.0)	(15.0, 1.0)	(16.0, 5.0)	(17.0, 21.0)	(18.0, 47.0)	(19.0, 127.0)	(20.0, 311.0)	(21.0, 742.0)	(22.0, 1454.0)	(23.0, 2716.0)	(24.0, 4788.0)	(25.0, 7806.0)	(26.0, 12062.0)	(27.0, 17127.0)	(28.0, 23121.0)	(29.0, 31121.0)	(30.0, 40726.0)	(31.0, 54376.0)	(32.0, 79444.0)	(33.0, 135775.0)	(34.0, 343360.0)	(35.0, 709584.0)
SRR16683573_2	(2.0, 83.0)	(3.0, 0.0)	(4.0, 1.0)	(5.0, 1.0)	(6.0, 0.0)	(7.0, 5.0)	(8.0, 10.0)	(9.0, 22.0)	(10.0, 19.0)	(11.0, 14.0)	(12.0, 10.0)	(13.0, 20.0)	(14.0, 24.0)	(15.0, 82.0)	(16.0, 138.0)	(17.0, 194.0)	(18.0, 336.0)	(19.0, 649.0)	(20.0, 1226.0)	(21.0, 2024.0)	(22.0, 3159.0)	(23.0, 5376.0)	(24.0, 8183.0)	(25.0, 11982.0)	(26.0, 16257.0)	(27.0, 22019.0)	(28.0, 27712.0)	(29.0, 35471.0)	(30.0, 45850.0)	(31.0, 62155.0)	(32.0, 91560.0)	(33.0, 162851.0)	(34.0, 409191.0)	(35.0, 558205.0)
SRR16683575_1	(2.0, 136.0)	(3.0, 0.0)	(4.0, 0.0)	(5.0, 0.0)	(6.0, 0.0)	(7.0, 0.0)	(8.0, 0.0)	(9.0, 0.0)	(10.0, 0.0)	(11.0, 0.0)	(12.0, 0.0)	(13.0, 0.0)	(14.0, 0.0)	(15.0, 1.0)	(16.0, 11.0)	(17.0, 35.0)	(18.0, 111.0)	(19.0, 193.0)	(20.0, 446.0)	(21.0, 989.0)	(22.0, 1910.0)	(23.0, 3619.0)	(24.0, 6164.0)	(25.0, 9759.0)	(26.0, 14737.0)	(27.0, 21490.0)	(28.0, 29695.0)	(29.0, 39085.0)	(30.0, 50493.0)	(31.0, 67773.0)	(32.0, 97225.0)	(33.0, 164365.0)	(34.0, 408904.0)	(35.0, 967151.0)
SRR16683575_2	(2.0, 68.0)	(3.0, 0.0)	(4.0, 0.0)	(5.0, 2.0)	(6.0, 2.0)	(7.0, 5.0)	(8.0, 11.0)	(9.0, 30.0)	(10.0, 21.0)	(11.0, 20.0)	(12.0, 21.0)	(13.0, 15.0)	(14.0, 35.0)	(15.0, 159.0)	(16.0, 231.0)	(17.0, 293.0)	(18.0, 504.0)	(19.0, 893.0)	(20.0, 1588.0)	(21.0, 2420.0)	(22.0, 3841.0)	(23.0, 6370.0)	(24.0, 9770.0)	(25.0, 14073.0)	(26.0, 19373.0)	(27.0, 26142.0)	(28.0, 33690.0)	(29.0, 43660.0)	(30.0, 56140.0)	(31.0, 75668.0)	(32.0, 109734.0)	(33.0, 194107.0)	(34.0, 493469.0)	(35.0, 791937.0)
SRR16683576_1	(2.0, 165.0)	(3.0, 0.0)	(4.0, 0.0)	(5.0, 0.0)	(6.0, 0.0)	(7.0, 0.0)	(8.0, 0.0)	(9.0, 0.0)	(10.0, 0.0)	(11.0, 0.0)	(12.0, 0.0)	(13.0, 0.0)	(14.0, 0.0)	(15.0, 0.0)	(16.0, 6.0)	(17.0, 22.0)	(18.0, 54.0)	(19.0, 147.0)	(20.0, 308.0)	(21.0, 602.0)	(22.0, 1340.0)	(23.0, 2614.0)	(24.0, 4737.0)	(25.0, 7933.0)	(26.0, 12074.0)	(27.0, 17724.0)	(28.0, 25059.0)	(29.0, 33024.0)	(30.0, 43371.0)	(31.0, 58141.0)	(32.0, 83497.0)	(33.0, 143621.0)	(34.0, 354814.0)	(35.0, 675741.0)
SRR16683576_2	(2.0, 118.0)	(3.0, 0.0)	(4.0, 0.0)	(5.0, 1.0)	(6.0, 2.0)	(7.0, 2.0)	(8.0, 6.0)	(9.0, 21.0)	(10.0, 20.0)	(11.0, 18.0)	(12.0, 14.0)	(13.0, 17.0)	(14.0, 28.0)	(15.0, 79.0)	(16.0, 150.0)	(17.0, 196.0)	(18.0, 362.0)	(19.0, 651.0)	(20.0, 1176.0)	(21.0, 1820.0)	(22.0, 2866.0)	(23.0, 4886.0)	(24.0, 7735.0)	(25.0, 11393.0)	(26.0, 16145.0)	(27.0, 21503.0)	(28.0, 28489.0)	(29.0, 36753.0)	(30.0, 47478.0)	(31.0, 64341.0)	(32.0, 94356.0)	(33.0, 167036.0)	(34.0, 414554.0)	(35.0, 542778.0)
SRR16683577_1	(2.0, 150.0)	(3.0, 0.0)	(4.0, 0.0)	(5.0, 0.0)	(6.0, 0.0)	(7.0, 0.0)	(8.0, 0.0)	(9.0, 0.0)	(10.0, 0.0)	(11.0, 0.0)	(12.0, 0.0)	(13.0, 0.0)	(14.0, 0.0)	(15.0, 0.0)	(16.0, 4.0)	(17.0, 17.0)	(18.0, 53.0)	(19.0, 97.0)	(20.0, 285.0)	(21.0, 698.0)	(22.0, 1565.0)	(23.0, 2808.0)	(24.0, 5334.0)	(25.0, 8559.0)	(26.0, 13365.0)	(27.0, 18873.0)	(28.0, 26391.0)	(29.0, 34769.0)	(30.0, 45705.0)	(31.0, 60364.0)	(32.0, 86162.0)	(33.0, 145365.0)	(34.0, 360769.0)	(35.0, 755786.0)
SRR16683577_2	(2.0, 118.0)	(3.0, 0.0)	(4.0, 0.0)	(5.0, 0.0)	(6.0, 1.0)	(7.0, 0.0)	(8.0, 5.0)	(9.0, 22.0)	(10.0, 23.0)	(11.0, 19.0)	(12.0, 11.0)	(13.0, 10.0)	(14.0, 23.0)	(15.0, 91.0)	(16.0, 147.0)	(17.0, 181.0)	(18.0, 299.0)	(19.0, 625.0)	(20.0, 1250.0)	(21.0, 2095.0)	(22.0, 3447.0)	(23.0, 5788.0)	(24.0, 8912.0)	(25.0, 12678.0)	(26.0, 18212.0)	(27.0, 24255.0)	(28.0, 31062.0)	(29.0, 39341.0)	(30.0, 50689.0)	(31.0, 67895.0)	(32.0, 99011.0)	(33.0, 174066.0)	(34.0, 430937.0)	(35.0, 595906.0)
SRR16683578_1	(2.0, 147.0)	(3.0, 0.0)	(4.0, 0.0)	(5.0, 0.0)	(6.0, 0.0)	(7.0, 0.0)	(8.0, 0.0)	(9.0, 0.0)	(10.0, 0.0)	(11.0, 0.0)	(12.0, 0.0)	(13.0, 0.0)	(14.0, 0.0)	(15.0, 0.0)	(16.0, 9.0)	(17.0, 24.0)	(18.0, 45.0)	(19.0, 130.0)	(20.0, 276.0)	(21.0, 639.0)	(22.0, 1362.0)	(23.0, 2489.0)	(24.0, 4515.0)	(25.0, 7435.0)	(26.0, 11292.0)	(27.0, 16158.0)	(28.0, 21813.0)	(29.0, 29175.0)	(30.0, 38129.0)	(31.0, 50814.0)	(32.0, 74681.0)	(33.0, 127582.0)	(34.0, 323231.0)	(35.0, 660192.0)
SRR16683578_2	(2.0, 85.0)	(3.0, 0.0)	(4.0, 0.0)	(5.0, 0.0)	(6.0, 2.0)	(7.0, 0.0)	(8.0, 10.0)	(9.0, 13.0)	(10.0, 23.0)	(11.0, 16.0)	(12.0, 12.0)	(13.0, 12.0)	(14.0, 23.0)	(15.0, 79.0)	(16.0, 158.0)	(17.0, 211.0)	(18.0, 337.0)	(19.0, 675.0)	(20.0, 1191.0)	(21.0, 1971.0)	(22.0, 3346.0)	(23.0, 5257.0)	(24.0, 8066.0)	(25.0, 11222.0)	(26.0, 15670.0)	(27.0, 20668.0)	(28.0, 26322.0)	(29.0, 33526.0)	(30.0, 43269.0)	(31.0, 58233.0)	(32.0, 86199.0)	(33.0, 153623.0)	(34.0, 388473.0)	(35.0, 511446.0)
SRR16683579_1	(2.0, 399.0)	(3.0, 0.0)	(4.0, 0.0)	(5.0, 0.0)	(6.0, 0.0)	(7.0, 0.0)	(8.0, 0.0)	(9.0, 0.0)	(10.0, 0.0)	(11.0, 0.0)	(12.0, 0.0)	(13.0, 0.0)	(14.0, 1.0)	(15.0, 4.0)	(16.0, 18.0)	(17.0, 66.0)	(18.0, 160.0)	(19.0, 400.0)	(20.0, 875.0)	(21.0, 1794.0)	(22.0, 3379.0)	(23.0, 5528.0)	(24.0, 8436.0)	(25.0, 12538.0)	(26.0, 17232.0)	(27.0, 23423.0)	(28.0, 30440.0)	(29.0, 39627.0)	(30.0, 50114.0)	(31.0, 65610.0)	(32.0, 92895.0)	(33.0, 153263.0)	(34.0, 323053.0)	(35.0, 400407.0)
SRR16683579_2	(2.0, 181.0)	(3.0, 1.0)	(4.0, 1.0)	(5.0, 0.0)	(6.0, 1.0)	(7.0, 0.0)	(8.0, 0.0)	(9.0, 2.0)	(10.0, 1.0)	(11.0, 0.0)	(12.0, 0.0)	(13.0, 1.0)	(14.0, 15.0)	(15.0, 129.0)	(16.0, 207.0)	(17.0, 296.0)	(18.0, 492.0)	(19.0, 1037.0)	(20.0, 1709.0)	(21.0, 2686.0)	(22.0, 4362.0)	(23.0, 6807.0)	(24.0, 10123.0)	(25.0, 14159.0)	(26.0, 19052.0)	(27.0, 25455.0)	(28.0, 32518.0)	(29.0, 42153.0)	(30.0, 53919.0)	(31.0, 72877.0)	(32.0, 108814.0)	(33.0, 190747.0)	(34.0, 369677.0)	(35.0, 272240.0)
SRR16683580_1	(2.0, 583.0)	(3.0, 0.0)	(4.0, 0.0)	(5.0, 0.0)	(6.0, 0.0)	(7.0, 0.0)	(8.0, 0.0)	(9.0, 0.0)	(10.0, 0.0)	(11.0, 0.0)	(12.0, 2.0)	(13.0, 5.0)	(14.0, 6.0)	(15.0, 9.0)	(16.0, 35.0)	(17.0, 111.0)	(18.0, 271.0)	(19.0, 623.0)	(20.0, 1484.0)	(21.0, 2901.0)	(22.0, 5224.0)	(23.0, 8659.0)	(24.0, 12997.0)	(25.0, 18774.0)	(26.0, 25908.0)	(27.0, 35123.0)	(28.0, 45742.0)	(29.0, 58973.0)	(30.0, 75136.0)	(31.0, 100601.0)	(32.0, 143052.0)	(33.0, 239293.0)	(34.0, 546201.0)	(35.0, 819353.0)
SRR16683580_2	(2.0, 304.0)	(3.0, 2.0)	(4.0, 1.0)	(5.0, 0.0)	(6.0, 2.0)	(7.0, 0.0)	(8.0, 1.0)	(9.0, 1.0)	(10.0, 3.0)	(11.0, 2.0)	(12.0, 0.0)	(13.0, 1.0)	(14.0, 27.0)	(15.0, 211.0)	(16.0, 347.0)	(17.0, 456.0)	(18.0, 843.0)	(19.0, 1507.0)	(20.0, 2628.0)	(21.0, 4069.0)	(22.0, 6060.0)	(23.0, 9690.0)	(24.0, 14097.0)	(25.0, 19941.0)	(26.0, 27015.0)	(27.0, 35681.0)	(28.0, 46717.0)	(29.0, 60295.0)	(30.0, 77687.0)	(31.0, 107032.0)	(32.0, 159926.0)	(33.0, 289942.0)	(34.0, 656008.0)	(35.0, 620570.0)
SRR16683614_1	(2.0, 523.0)	(3.0, 0.0)	(4.0, 0.0)	(5.0, 0.0)	(6.0, 0.0)	(7.0, 0.0)	(8.0, 0.0)	(9.0, 0.0)	(10.0, 0.0)	(11.0, 0.0)	(12.0, 0.0)	(13.0, 3.0)	(14.0, 0.0)	(15.0, 12.0)	(16.0, 38.0)	(17.0, 93.0)	(18.0, 202.0)	(19.0, 494.0)	(20.0, 1078.0)	(21.0, 2079.0)	(22.0, 3837.0)	(23.0, 6378.0)	(24.0, 9661.0)	(25.0, 13945.0)	(26.0, 19762.0)	(27.0, 26447.0)	(28.0, 34885.0)	(29.0, 44168.0)	(30.0, 57250.0)	(31.0, 76195.0)	(32.0, 109627.0)	(33.0, 184515.0)	(34.0, 420502.0)	(35.0, 602277.0)
SRR16683614_2	(2.0, 236.0)	(3.0, 0.0)	(4.0, 1.0)	(5.0, 0.0)	(6.0, 2.0)	(7.0, 3.0)	(8.0, 2.0)	(9.0, 1.0)	(10.0, 2.0)	(11.0, 2.0)	(12.0, 0.0)	(13.0, 1.0)	(14.0, 23.0)	(15.0, 204.0)	(16.0, 297.0)	(17.0, 433.0)	(18.0, 634.0)	(19.0, 1227.0)	(20.0, 2038.0)	(21.0, 3281.0)	(22.0, 5123.0)	(23.0, 8142.0)	(24.0, 11747.0)	(25.0, 16665.0)	(26.0, 22504.0)	(27.0, 29144.0)	(28.0, 37284.0)	(29.0, 48024.0)	(30.0, 61794.0)	(31.0, 84209.0)	(32.0, 125993.0)	(33.0, 227122.0)	(34.0, 501210.0)	(35.0, 426623.0)
SRR16683615_1	(2.0, 589.0)	(3.0, 0.0)	(4.0, 0.0)	(5.0, 0.0)	(6.0, 0.0)	(7.0, 0.0)	(8.0, 0.0)	(9.0, 0.0)	(10.0, 0.0)	(11.0, 0.0)	(12.0, 2.0)	(13.0, 1.0)	(14.0, 5.0)	(15.0, 13.0)	(16.0, 36.0)	(17.0, 89.0)	(18.0, 252.0)	(19.0, 674.0)	(20.0, 1495.0)	(21.0, 3029.0)	(22.0, 5315.0)	(23.0, 8630.0)	(24.0, 13146.0)	(25.0, 18543.0)	(26.0, 25692.0)	(27.0, 34271.0)	(28.0, 45131.0)	(29.0, 57513.0)	(30.0, 74333.0)	(31.0, 97472.0)	(32.0, 139672.0)	(33.0, 235408.0)	(34.0, 545915.0)	(35.0, 884132.0)
SRR16683615_2	(2.0, 312.0)	(3.0, 2.0)	(4.0, 0.0)	(5.0, 1.0)	(6.0, 1.0)	(7.0, 2.0)	(8.0, 2.0)	(9.0, 2.0)	(10.0, 2.0)	(11.0, 6.0)	(12.0, 0.0)	(13.0, 1.0)	(14.0, 22.0)	(15.0, 176.0)	(16.0, 300.0)	(17.0, 394.0)	(18.0, 738.0)	(19.0, 1529.0)	(20.0, 2761.0)	(21.0, 4497.0)	(22.0, 7245.0)	(23.0, 11058.0)	(24.0, 16239.0)	(25.0, 22296.0)	(26.0, 29648.0)	(27.0, 38303.0)	(28.0, 48237.0)	(29.0, 61772.0)	(30.0, 80017.0)	(31.0, 109311.0)	(32.0, 162939.0)	(33.0, 291508.0)	(34.0, 662906.0)	(35.0, 639131.0)
SRR16683616_1	(2.0, 457.0)	(3.0, 0.0)	(4.0, 0.0)	(5.0, 0.0)	(6.0, 0.0)	(7.0, 0.0)	(8.0, 0.0)	(9.0, 0.0)	(10.0, 0.0)	(11.0, 0.0)	(12.0, 3.0)	(13.0, 0.0)	(14.0, 3.0)	(15.0, 12.0)	(16.0, 31.0)	(17.0, 71.0)	(18.0, 163.0)	(19.0, 451.0)	(20.0, 951.0)	(21.0, 2039.0)	(22.0, 3606.0)	(23.0, 5849.0)	(24.0, 8936.0)	(25.0, 12968.0)	(26.0, 17794.0)	(27.0, 23904.0)	(28.0, 30891.0)	(29.0, 40024.0)	(30.0, 51023.0)	(31.0, 67993.0)	(32.0, 96929.0)	(33.0, 162725.0)	(34.0, 368477.0)	(35.0, 554004.0)
SRR16683616_2	(2.0, 233.0)	(3.0, 0.0)	(4.0, 2.0)	(5.0, 1.0)	(6.0, 0.0)	(7.0, 3.0)	(8.0, 0.0)	(9.0, 2.0)	(10.0, 0.0)	(11.0, 1.0)	(12.0, 2.0)	(13.0, 2.0)	(14.0, 23.0)	(15.0, 115.0)	(16.0, 236.0)	(17.0, 356.0)	(18.0, 613.0)	(19.0, 1139.0)	(20.0, 2051.0)	(21.0, 3329.0)	(22.0, 5348.0)	(23.0, 7972.0)	(24.0, 11372.0)	(25.0, 15531.0)	(26.0, 20876.0)	(27.0, 26830.0)	(28.0, 34018.0)	(29.0, 43823.0)	(30.0, 56326.0)	(31.0, 76284.0)	(32.0, 113860.0)	(33.0, 201971.0)	(34.0, 436555.0)	(35.0, 390430.0)
SRR16683617_1	(2.0, 531.0)	(3.0, 0.0)	(4.0, 0.0)	(5.0, 0.0)	(6.0, 0.0)	(7.0, 0.0)	(8.0, 0.0)	(9.0, 0.0)	(10.0, 0.0)	(11.0, 0.0)	(12.0, 0.0)	(13.0, 1.0)	(14.0, 0.0)	(15.0, 11.0)	(16.0, 30.0)	(17.0, 82.0)	(18.0, 184.0)	(19.0, 362.0)	(20.0, 788.0)	(21.0, 1619.0)	(22.0, 2817.0)	(23.0, 4694.0)	(24.0, 7257.0)	(25.0, 10597.0)	(26.0, 14807.0)	(27.0, 19848.0)	(28.0, 25931.0)	(29.0, 33254.0)	(30.0, 43314.0)	(31.0, 57745.0)	(32.0, 84741.0)	(33.0, 144166.0)	(34.0, 320995.0)	(35.0, 491768.0)
SRR16683617_2	(2.0, 240.0)	(3.0, 0.0)	(4.0, 0.0)	(5.0, 0.0)	(6.0, 0.0)	(7.0, 2.0)	(8.0, 1.0)	(9.0, 1.0)	(10.0, 1.0)	(11.0, 2.0)	(12.0, 0.0)	(13.0, 0.0)	(14.0, 15.0)	(15.0, 144.0)	(16.0, 284.0)	(17.0, 426.0)	(18.0, 533.0)	(19.0, 992.0)	(20.0, 1662.0)	(21.0, 2686.0)	(22.0, 4110.0)	(23.0, 6338.0)	(24.0, 9344.0)	(25.0, 12830.0)	(26.0, 16973.0)	(27.0, 22020.0)	(28.0, 28189.0)	(29.0, 35610.0)	(30.0, 46704.0)	(31.0, 65272.0)	(32.0, 98763.0)	(33.0, 175154.0)	(34.0, 379382.0)	(35.0, 357864.0)
SRR16683618_1	(2.0, 603.0)	(3.0, 0.0)	(4.0, 0.0)	(5.0, 0.0)	(6.0, 0.0)	(7.0, 0.0)	(8.0, 0.0)	(9.0, 0.0)	(10.0, 0.0)	(11.0, 0.0)	(12.0, 0.0)	(13.0, 0.0)	(14.0, 4.0)	(15.0, 8.0)	(16.0, 30.0)	(17.0, 72.0)	(18.0, 171.0)	(19.0, 361.0)	(20.0, 746.0)	(21.0, 1592.0)	(22.0, 2906.0)	(23.0, 4725.0)	(24.0, 7456.0)	(25.0, 11074.0)	(26.0, 15192.0)	(27.0, 20477.0)	(28.0, 26617.0)	(29.0, 34356.0)	(30.0, 44501.0)	(31.0, 59659.0)	(32.0, 86266.0)	(33.0, 146183.0)	(34.0, 335066.0)	(35.0, 510548.0)
SRR16683618_2	(2.0, 289.0)	(3.0, 0.0)	(4.0, 1.0)	(5.0, 0.0)	(6.0, 0.0)	(7.0, 0.0)	(8.0, 0.0)	(9.0, 0.0)	(10.0, 0.0)	(11.0, 2.0)	(12.0, 0.0)	(13.0, 1.0)	(14.0, 8.0)	(15.0, 128.0)	(16.0, 229.0)	(17.0, 335.0)	(18.0, 529.0)	(19.0, 889.0)	(20.0, 1629.0)	(21.0, 2516.0)	(22.0, 4187.0)	(23.0, 6414.0)	(24.0, 9333.0)	(25.0, 13176.0)	(26.0, 17682.0)	(27.0, 22972.0)	(28.0, 29104.0)	(29.0, 37504.0)	(30.0, 48540.0)	(31.0, 65786.0)	(32.0, 100357.0)	(33.0, 179975.0)	(34.0, 401681.0)	(35.0, 365346.0)
SRR16683619_1	(2.0, 114.0)	(3.0, 0.0)	(4.0, 0.0)	(5.0, 0.0)	(6.0, 0.0)	(7.0, 0.0)	(8.0, 0.0)	(9.0, 0.0)	(10.0, 0.0)	(11.0, 0.0)	(12.0, 0.0)	(13.0, 0.0)	(14.0, 0.0)	(15.0, 0.0)	(16.0, 11.0)	(17.0, 27.0)	(18.0, 49.0)	(19.0, 148.0)	(20.0, 290.0)	(21.0, 690.0)	(22.0, 1416.0)	(23.0, 2764.0)	(24.0, 4735.0)	(25.0, 7767.0)	(26.0, 11857.0)	(27.0, 17329.0)	(28.0, 23519.0)	(29.0, 31329.0)	(30.0, 40954.0)	(31.0, 54780.0)	(32.0, 79145.0)	(33.0, 135994.0)	(34.0, 338976.0)	(35.0, 704519.0)
SRR16683619_2	(2.0, 81.0)	(3.0, 0.0)	(4.0, 0.0)	(5.0, 0.0)	(6.0, 3.0)	(7.0, 2.0)	(8.0, 7.0)	(9.0, 7.0)	(10.0, 24.0)	(11.0, 18.0)	(12.0, 9.0)	(13.0, 10.0)	(14.0, 21.0)	(15.0, 111.0)	(16.0, 166.0)	(17.0, 213.0)	(18.0, 336.0)	(19.0, 659.0)	(20.0, 1223.0)	(21.0, 2118.0)	(22.0, 3369.0)	(23.0, 5453.0)	(24.0, 8274.0)	(25.0, 11811.0)	(26.0, 16349.0)	(27.0, 21747.0)	(28.0, 27771.0)	(29.0, 35434.0)	(30.0, 45846.0)	(31.0, 61254.0)	(32.0, 90858.0)	(33.0, 162338.0)	(34.0, 408125.0)	(35.0, 552776.0)
SRR16683620_1	(2.0, 527.0)	(3.0, 0.0)	(4.0, 0.0)	(5.0, 0.0)	(6.0, 0.0)	(7.0, 0.0)	(8.0, 0.0)	(9.0, 0.0)	(10.0, 0.0)	(11.0, 0.0)	(12.0, 1.0)	(13.0, 0.0)	(14.0, 3.0)	(15.0, 10.0)	(16.0, 32.0)	(17.0, 56.0)	(18.0, 145.0)	(19.0, 339.0)	(20.0, 772.0)	(21.0, 1438.0)	(22.0, 2625.0)	(23.0, 4344.0)	(24.0, 6601.0)	(25.0, 9620.0)	(26.0, 13406.0)	(27.0, 18409.0)	(28.0, 24113.0)	(29.0, 31175.0)	(30.0, 40509.0)	(31.0, 53936.0)	(32.0, 78311.0)	(33.0, 133941.0)	(34.0, 297782.0)	(35.0, 430169.0)
SRR16683620_2	(2.0, 214.0)	(3.0, 2.0)	(4.0, 3.0)	(5.0, 0.0)	(6.0, 2.0)	(7.0, 0.0)	(8.0, 2.0)	(9.0, 0.0)	(10.0, 1.0)	(11.0, 2.0)	(12.0, 0.0)	(13.0, 1.0)	(14.0, 10.0)	(15.0, 146.0)	(16.0, 240.0)	(17.0, 340.0)	(18.0, 493.0)	(19.0, 842.0)	(20.0, 1366.0)	(21.0, 2133.0)	(22.0, 3432.0)	(23.0, 5435.0)	(24.0, 7633.0)	(25.0, 10865.0)	(26.0, 14875.0)	(27.0, 19407.0)	(28.0, 25057.0)	(29.0, 32673.0)	(30.0, 43040.0)	(31.0, 58966.0)	(32.0, 89900.0)	(33.0, 161504.0)	(34.0, 351210.0)	(35.0, 318470.0)
SRR16683621_1	(2.0, 674.0)	(3.0, 0.0)	(4.0, 0.0)	(5.0, 0.0)	(6.0, 0.0)	(7.0, 0.0)	(8.0, 0.0)	(9.0, 0.0)	(10.0, 0.0)	(11.0, 0.0)	(12.0, 0.0)	(13.0, 3.0)	(14.0, 2.0)	(15.0, 10.0)	(16.0, 36.0)	(17.0, 83.0)	(18.0, 179.0)	(19.0, 428.0)	(20.0, 882.0)	(21.0, 1822.0)	(22.0, 3220.0)	(23.0, 5320.0)	(24.0, 7981.0)	(25.0, 11424.0)	(26.0, 15861.0)	(27.0, 21683.0)	(28.0, 28382.0)	(29.0, 36510.0)	(30.0, 47632.0)	(31.0, 62836.0)	(32.0, 91899.0)	(33.0, 157368.0)	(34.0, 359775.0)	(35.0, 578837.0)
SRR16683621_2	(2.0, 314.0)	(3.0, 0.0)	(4.0, 0.0)	(5.0, 0.0)	(6.0, 0.0)	(7.0, 0.0)	(8.0, 2.0)	(9.0, 1.0)	(10.0, 1.0)	(11.0, 1.0)	(12.0, 1.0)	(13.0, 3.0)	(14.0, 25.0)	(15.0, 167.0)	(16.0, 350.0)	(17.0, 400.0)	(18.0, 634.0)	(19.0, 1066.0)	(20.0, 1913.0)	(21.0, 2936.0)	(22.0, 4602.0)	(23.0, 7011.0)	(24.0, 10318.0)	(25.0, 14154.0)	(26.0, 18567.0)	(27.0, 23861.0)	(28.0, 30838.0)	(29.0, 39231.0)	(30.0, 51245.0)	(31.0, 70489.0)	(32.0, 106521.0)	(33.0, 189666.0)	(34.0, 428981.0)	(35.0, 429549.0)
SRR16683622_1	(2.0, 537.0)	(3.0, 0.0)	(4.0, 0.0)	(5.0, 0.0)	(6.0, 0.0)	(7.0, 0.0)	(8.0, 0.0)	(9.0, 0.0)	(10.0, 0.0)	(11.0, 0.0)	(12.0, 0.0)	(13.0, 0.0)	(14.0, 2.0)	(15.0, 8.0)	(16.0, 20.0)	(17.0, 49.0)	(18.0, 104.0)	(19.0, 260.0)	(20.0, 578.0)	(21.0, 1149.0)	(22.0, 2229.0)	(23.0, 3702.0)	(24.0, 5715.0)	(25.0, 8310.0)	(26.0, 11612.0)	(27.0, 15635.0)	(28.0, 20172.0)	(29.0, 26221.0)	(30.0, 34296.0)	(31.0, 45714.0)	(32.0, 66793.0)	(33.0, 112860.0)	(34.0, 247324.0)	(35.0, 350106.0)
SRR16683622_2	(2.0, 289.0)	(3.0, 1.0)	(4.0, 0.0)	(5.0, 0.0)	(6.0, 0.0)	(7.0, 0.0)	(8.0, 2.0)	(9.0, 2.0)	(10.0, 1.0)	(11.0, 3.0)	(12.0, 0.0)	(13.0, 0.0)	(14.0, 21.0)	(15.0, 93.0)	(16.0, 148.0)	(17.0, 239.0)	(18.0, 429.0)	(19.0, 733.0)	(20.0, 1260.0)	(21.0, 1976.0)	(22.0, 3082.0)	(23.0, 4806.0)	(24.0, 7216.0)	(25.0, 9900.0)	(26.0, 13174.0)	(27.0, 17292.0)	(28.0, 22044.0)	(29.0, 28429.0)	(30.0, 36837.0)	(31.0, 50393.0)	(32.0, 76577.0)	(33.0, 135926.0)	(34.0, 288084.0)	(35.0, 254439.0)
SRR16683623_1	(2.0, 440.0)	(3.0, 0.0)	(4.0, 0.0)	(5.0, 0.0)	(6.0, 0.0)	(7.0, 0.0)	(8.0, 0.0)	(9.0, 0.0)	(10.0, 0.0)	(11.0, 0.0)	(12.0, 0.0)	(13.0, 1.0)	(14.0, 2.0)	(15.0, 7.0)	(16.0, 16.0)	(17.0, 63.0)	(18.0, 112.0)	(19.0, 371.0)	(20.0, 699.0)	(21.0, 1353.0)	(22.0, 2654.0)	(23.0, 4476.0)	(24.0, 7286.0)	(25.0, 10712.0)	(26.0, 15233.0)	(27.0, 21076.0)	(28.0, 27864.0)	(29.0, 36649.0)	(30.0, 48153.0)	(31.0, 66061.0)	(32.0, 98623.0)	(33.0, 173646.0)	(34.0, 359968.0)	(35.0, 314148.0)
SRR16683623_2	(2.0, 235.0)	(3.0, 0.0)	(4.0, 1.0)	(5.0, 0.0)	(6.0, 0.0)	(7.0, 0.0)	(8.0, 0.0)	(9.0, 1.0)	(10.0, 2.0)	(11.0, 0.0)	(12.0, 0.0)	(13.0, 1.0)	(14.0, 8.0)	(15.0, 144.0)	(16.0, 214.0)	(17.0, 358.0)	(18.0, 570.0)	(19.0, 1016.0)	(20.0, 1737.0)	(21.0, 2922.0)	(22.0, 4979.0)	(23.0, 7810.0)	(24.0, 11376.0)	(25.0, 15770.0)	(26.0, 20582.0)	(27.0, 26459.0)	(28.0, 33973.0)	(29.0, 43255.0)	(30.0, 56857.0)	(31.0, 79058.0)	(32.0, 122229.0)	(33.0, 217527.0)	(34.0, 371145.0)	(35.0, 171384.0)
SRR16683624_1	(2.0, 550.0)	(3.0, 0.0)	(4.0, 0.0)	(5.0, 0.0)	(6.0, 0.0)	(7.0, 0.0)	(8.0, 0.0)	(9.0, 0.0)	(10.0, 0.0)	(11.0, 0.0)	(12.0, 1.0)	(13.0, 2.0)	(14.0, 0.0)	(15.0, 9.0)	(16.0, 23.0)	(17.0, 81.0)	(18.0, 158.0)	(19.0, 377.0)	(20.0, 810.0)	(21.0, 1594.0)	(22.0, 2833.0)	(23.0, 4797.0)	(24.0, 7560.0)	(25.0, 10937.0)	(26.0, 15399.0)	(27.0, 20429.0)	(28.0, 27021.0)	(29.0, 34574.0)	(30.0, 45382.0)	(31.0, 61116.0)	(32.0, 88774.0)	(33.0, 152082.0)	(34.0, 341869.0)	(35.0, 465719.0)
SRR16683624_2	(2.0, 254.0)	(3.0, 0.0)	(4.0, 1.0)	(5.0, 1.0)	(6.0, 1.0)	(7.0, 4.0)	(8.0, 3.0)	(9.0, 0.0)	(10.0, 2.0)	(11.0, 2.0)	(12.0, 0.0)	(13.0, 2.0)	(14.0, 20.0)	(15.0, 185.0)	(16.0, 283.0)	(17.0, 387.0)	(18.0, 588.0)	(19.0, 930.0)	(20.0, 1503.0)	(21.0, 2488.0)	(22.0, 3901.0)	(23.0, 5737.0)	(24.0, 8520.0)	(25.0, 11900.0)	(26.0, 16028.0)	(27.0, 21222.0)	(28.0, 27172.0)	(29.0, 35560.0)	(30.0, 46862.0)	(31.0, 65004.0)	(32.0, 98446.0)	(33.0, 182481.0)	(34.0, 404752.0)	(35.0, 347858.0)
SRR16683625_1	(2.0, 534.0)	(3.0, 0.0)	(4.0, 0.0)	(5.0, 0.0)	(6.0, 0.0)	(7.0, 0.0)	(8.0, 0.0)	(9.0, 0.0)	(10.0, 0.0)	(11.0, 0.0)	(12.0, 0.0)	(13.0, 1.0)	(14.0, 2.0)	(15.0, 6.0)	(16.0, 34.0)	(17.0, 57.0)	(18.0, 148.0)	(19.0, 378.0)	(20.0, 843.0)	(21.0, 1608.0)	(22.0, 2945.0)	(23.0, 4865.0)	(24.0, 7503.0)	(25.0, 11077.0)	(26.0, 15407.0)	(27.0, 21026.0)	(28.0, 27207.0)	(29.0, 35476.0)	(30.0, 45558.0)	(31.0, 61723.0)	(32.0, 89025.0)	(33.0, 152262.0)	(34.0, 345606.0)	(35.0, 504070.0)
SRR16683625_2	(2.0, 272.0)	(3.0, 1.0)	(4.0, 0.0)	(5.0, 1.0)	(6.0, 0.0)	(7.0, 0.0)	(8.0, 0.0)	(9.0, 1.0)	(10.0, 1.0)	(11.0, 2.0)	(12.0, 1.0)	(13.0, 1.0)	(14.0, 16.0)	(15.0, 132.0)	(16.0, 228.0)	(17.0, 360.0)	(18.0, 529.0)	(19.0, 868.0)	(20.0, 1638.0)	(21.0, 2639.0)	(22.0, 4205.0)	(23.0, 6562.0)	(24.0, 9668.0)	(25.0, 13919.0)	(26.0, 18122.0)	(27.0, 23735.0)	(28.0, 30288.0)	(29.0, 38702.0)	(30.0, 50362.0)	(31.0, 69211.0)	(32.0, 105066.0)	(33.0, 188191.0)	(34.0, 409521.0)	(35.0, 353119.0)
SRR16683626_1	(2.0, 532.0)	(3.0, 0.0)	(4.0, 0.0)	(5.0, 0.0)	(6.0, 0.0)	(7.0, 0.0)	(8.0, 0.0)	(9.0, 0.0)	(10.0, 0.0)	(11.0, 0.0)	(12.0, 0.0)	(13.0, 2.0)	(14.0, 3.0)	(15.0, 5.0)	(16.0, 37.0)	(17.0, 83.0)	(18.0, 149.0)	(19.0, 336.0)	(20.0, 789.0)	(21.0, 1602.0)	(22.0, 2870.0)	(23.0, 4830.0)	(24.0, 7446.0)	(25.0, 10840.0)	(26.0, 14786.0)	(27.0, 20083.0)	(28.0, 26328.0)	(29.0, 34185.0)	(30.0, 44154.0)	(31.0, 59040.0)	(32.0, 85174.0)	(33.0, 145332.0)	(34.0, 325459.0)	(35.0, 460087.0)
SRR16683626_2	(2.0, 265.0)	(3.0, 0.0)	(4.0, 0.0)	(5.0, 0.0)	(6.0, 2.0)	(7.0, 1.0)	(8.0, 1.0)	(9.0, 2.0)	(10.0, 0.0)	(11.0, 2.0)	(12.0, 2.0)	(13.0, 1.0)	(14.0, 13.0)	(15.0, 158.0)	(16.0, 305.0)	(17.0, 375.0)	(18.0, 556.0)	(19.0, 1011.0)	(20.0, 1678.0)	(21.0, 2747.0)	(22.0, 4239.0)	(23.0, 6844.0)	(24.0, 10089.0)	(25.0, 13697.0)	(26.0, 18024.0)	(27.0, 23281.0)	(28.0, 29816.0)	(29.0, 37770.0)	(30.0, 48714.0)	(31.0, 67296.0)	(32.0, 101355.0)	(33.0, 179689.0)	(34.0, 380766.0)	(35.0, 315453.0)
SRR16683627_1	(2.0, 479.0)	(3.0, 0.0)	(4.0, 0.0)	(5.0, 0.0)	(6.0, 0.0)	(7.0, 0.0)	(8.0, 0.0)	(9.0, 0.0)	(10.0, 0.0)	(11.0, 0.0)	(12.0, 0.0)	(13.0, 1.0)	(14.0, 0.0)	(15.0, 7.0)	(16.0, 23.0)	(17.0, 62.0)	(18.0, 164.0)	(19.0, 288.0)	(20.0, 759.0)	(21.0, 1527.0)	(22.0, 2849.0)	(23.0, 4718.0)	(24.0, 7358.0)	(25.0, 10750.0)	(26.0, 15225.0)	(27.0, 20671.0)	(28.0, 27123.0)	(29.0, 35265.0)	(30.0, 45914.0)	(31.0, 61759.0)	(32.0, 89541.0)	(33.0, 154484.0)	(34.0, 337572.0)	(35.0, 401749.0)
SRR16683627_2	(2.0, 236.0)	(3.0, 1.0)	(4.0, 0.0)	(5.0, 1.0)	(6.0, 0.0)	(7.0, 3.0)	(8.0, 0.0)	(9.0, 1.0)	(10.0, 2.0)	(11.0, 0.0)	(12.0, 0.0)	(13.0, 1.0)	(14.0, 13.0)	(15.0, 145.0)	(16.0, 217.0)	(17.0, 279.0)	(18.0, 442.0)	(19.0, 833.0)	(20.0, 1443.0)	(21.0, 2152.0)	(22.0, 3402.0)	(23.0, 5206.0)	(24.0, 7836.0)	(25.0, 11389.0)	(26.0, 15229.0)	(27.0, 20713.0)	(28.0, 27231.0)	(29.0, 35082.0)	(30.0, 46392.0)	(31.0, 64714.0)	(32.0, 99758.0)	(33.0, 182460.0)	(34.0, 390871.0)	(35.0, 302236.0)
SRR16683628_1	(2.0, 497.0)	(3.0, 0.0)	(4.0, 0.0)	(5.0, 0.0)	(6.0, 0.0)	(7.0, 0.0)	(8.0, 0.0)	(9.0, 0.0)	(10.0, 0.0)	(11.0, 0.0)	(12.0, 0.0)	(13.0, 2.0)	(14.0, 3.0)	(15.0, 8.0)	(16.0, 17.0)	(17.0, 73.0)	(18.0, 167.0)	(19.0, 328.0)	(20.0, 778.0)	(21.0, 1542.0)	(22.0, 2892.0)	(23.0, 4738.0)	(24.0, 7285.0)	(25.0, 10745.0)	(26.0, 14837.0)	(27.0, 19877.0)	(28.0, 25753.0)	(29.0, 33586.0)	(30.0, 43627.0)	(31.0, 58348.0)	(32.0, 84721.0)	(33.0, 146458.0)	(34.0, 327447.0)	(35.0, 428994.0)
SRR16683628_2	(2.0, 233.0)	(3.0, 0.0)	(4.0, 1.0)	(5.0, 0.0)	(6.0, 2.0)	(7.0, 2.0)	(8.0, 3.0)	(9.0, 2.0)	(10.0, 1.0)	(11.0, 4.0)	(12.0, 2.0)	(13.0, 3.0)	(14.0, 14.0)	(15.0, 119.0)	(16.0, 292.0)	(17.0, 367.0)	(18.0, 519.0)	(19.0, 929.0)	(20.0, 1627.0)	(21.0, 2734.0)	(22.0, 4382.0)	(23.0, 6796.0)	(24.0, 10037.0)	(25.0, 13687.0)	(26.0, 18053.0)	(27.0, 23279.0)	(28.0, 29370.0)	(29.0, 37302.0)	(30.0, 49032.0)	(31.0, 66886.0)	(32.0, 101188.0)	(33.0, 181731.0)	(34.0, 379762.0)	(35.0, 284364.0)
SRR16683629_1	(2.0, 524.0)	(3.0, 0.0)	(4.0, 0.0)	(5.0, 0.0)	(6.0, 0.0)	(7.0, 0.0)	(8.0, 0.0)	(9.0, 0.0)	(10.0, 0.0)	(11.0, 0.0)	(12.0, 0.0)	(13.0, 0.0)	(14.0, 3.0)	(15.0, 8.0)	(16.0, 28.0)	(17.0, 60.0)	(18.0, 158.0)	(19.0, 386.0)	(20.0, 902.0)	(21.0, 1881.0)	(22.0, 3402.0)	(23.0, 5505.0)	(24.0, 8277.0)	(25.0, 11990.0)	(26.0, 16448.0)	(27.0, 22061.0)	(28.0, 29182.0)	(29.0, 37704.0)	(30.0, 49064.0)	(31.0, 65517.0)	(32.0, 95910.0)	(33.0, 162575.0)	(34.0, 360956.0)	(35.0, 517866.0)
SRR16683629_2	(2.0, 242.0)	(3.0, 1.0)	(4.0, 0.0)	(5.0, 2.0)	(6.0, 1.0)	(7.0, 2.0)	(8.0, 0.0)	(9.0, 0.0)	(10.0, 1.0)	(11.0, 2.0)	(12.0, 3.0)	(13.0, 2.0)	(14.0, 15.0)	(15.0, 138.0)	(16.0, 247.0)	(17.0, 308.0)	(18.0, 539.0)	(19.0, 977.0)	(20.0, 1825.0)	(21.0, 2777.0)	(22.0, 4463.0)	(23.0, 6828.0)	(24.0, 9808.0)	(25.0, 13975.0)	(26.0, 18604.0)	(27.0, 24403.0)	(28.0, 31158.0)	(29.0, 40204.0)	(30.0, 52770.0)	(31.0, 72223.0)	(32.0, 109758.0)	(33.0, 198456.0)	(34.0, 422439.0)	(35.0, 378236.0)
SRR16683630_1	(2.0, 202.0)	(3.0, 0.0)	(4.0, 0.0)	(5.0, 0.0)	(6.0, 0.0)	(7.0, 0.0)	(8.0, 0.0)	(9.0, 0.0)	(10.0, 0.0)	(11.0, 0.0)	(12.0, 0.0)	(13.0, 0.0)	(14.0, 0.0)	(15.0, 2.0)	(16.0, 17.0)	(17.0, 22.0)	(18.0, 84.0)	(19.0, 137.0)	(20.0, 333.0)	(21.0, 669.0)	(22.0, 1423.0)	(23.0, 2769.0)	(24.0, 4833.0)	(25.0, 7954.0)	(26.0, 12351.0)	(27.0, 17948.0)	(28.0, 24668.0)	(29.0, 32461.0)	(30.0, 42113.0)	(31.0, 56576.0)	(32.0, 81447.0)	(33.0, 138606.0)	(34.0, 350157.0)	(35.0, 798622.0)
SRR16683630_2	(2.0, 184.0)	(3.0, 0.0)	(4.0, 1.0)	(5.0, 1.0)	(6.0, 0.0)	(7.0, 4.0)	(8.0, 15.0)	(9.0, 7.0)	(10.0, 25.0)	(11.0, 20.0)	(12.0, 12.0)	(13.0, 10.0)	(14.0, 28.0)	(15.0, 117.0)	(16.0, 210.0)	(17.0, 271.0)	(18.0, 400.0)	(19.0, 721.0)	(20.0, 1277.0)	(21.0, 2025.0)	(22.0, 3301.0)	(23.0, 5424.0)	(24.0, 8456.0)	(25.0, 12179.0)	(26.0, 17055.0)	(27.0, 22550.0)	(28.0, 28777.0)	(29.0, 36707.0)	(30.0, 47333.0)	(31.0, 63595.0)	(32.0, 93640.0)	(33.0, 165035.0)	(34.0, 421620.0)	(35.0, 642394.0)
SRR16683631_1	(2.0, 613.0)	(3.0, 0.0)	(4.0, 0.0)	(5.0, 0.0)	(6.0, 0.0)	(7.0, 0.0)	(8.0, 0.0)	(9.0, 0.0)	(10.0, 0.0)	(11.0, 0.0)	(12.0, 2.0)	(13.0, 2.0)	(14.0, 7.0)	(15.0, 9.0)	(16.0, 31.0)	(17.0, 90.0)	(18.0, 263.0)	(19.0, 553.0)	(20.0, 1356.0)	(21.0, 2737.0)	(22.0, 4943.0)	(23.0, 8302.0)	(24.0, 12657.0)	(25.0, 18153.0)	(26.0, 25146.0)	(27.0, 33610.0)	(28.0, 43363.0)	(29.0, 55402.0)	(30.0, 70526.0)	(31.0, 93703.0)	(32.0, 132167.0)	(33.0, 222374.0)	(34.0, 511275.0)	(35.0, 804982.0)
SRR16683631_2	(2.0, 299.0)	(3.0, 1.0)	(4.0, 1.0)	(5.0, 0.0)	(6.0, 0.0)	(7.0, 3.0)	(8.0, 0.0)	(9.0, 2.0)	(10.0, 3.0)	(11.0, 3.0)	(12.0, 0.0)	(13.0, 1.0)	(14.0, 28.0)	(15.0, 205.0)	(16.0, 381.0)	(17.0, 453.0)	(18.0, 732.0)	(19.0, 1451.0)	(20.0, 2448.0)	(21.0, 4156.0)	(22.0, 6383.0)	(23.0, 9956.0)	(24.0, 14492.0)	(25.0, 20133.0)	(26.0, 27107.0)	(27.0, 35255.0)	(28.0, 45249.0)	(29.0, 57974.0)	(30.0, 74670.0)	(31.0, 100856.0)	(32.0, 151477.0)	(33.0, 271294.0)	(34.0, 623141.0)	(35.0, 594112.0)
SRR16683632_1	(2.0, 485.0)	(3.0, 0.0)	(4.0, 0.0)	(5.0, 0.0)	(6.0, 0.0)	(7.0, 0.0)	(8.0, 0.0)	(9.0, 0.0)	(10.0, 0.0)	(11.0, 0.0)	(12.0, 1.0)	(13.0, 0.0)	(14.0, 3.0)	(15.0, 10.0)	(16.0, 20.0)	(17.0, 59.0)	(18.0, 135.0)	(19.0, 383.0)	(20.0, 822.0)	(21.0, 1657.0)	(22.0, 2934.0)	(23.0, 5022.0)	(24.0, 7406.0)	(25.0, 10718.0)	(26.0, 14969.0)	(27.0, 19582.0)	(28.0, 25581.0)	(29.0, 33028.0)	(30.0, 42463.0)	(31.0, 57234.0)	(32.0, 83018.0)	(33.0, 140074.0)	(34.0, 311359.0)	(35.0, 463544.0)
SRR16683632_2	(2.0, 252.0)	(3.0, 1.0)	(4.0, 0.0)	(5.0, 0.0)	(6.0, 0.0)	(7.0, 1.0)	(8.0, 0.0)	(9.0, 1.0)	(10.0, 1.0)	(11.0, 1.0)	(12.0, 2.0)	(13.0, 2.0)	(14.0, 12.0)	(15.0, 122.0)	(16.0, 236.0)	(17.0, 322.0)	(18.0, 541.0)	(19.0, 893.0)	(20.0, 1592.0)	(21.0, 2595.0)	(22.0, 4011.0)	(23.0, 6238.0)	(24.0, 8900.0)	(25.0, 12640.0)	(26.0, 16673.0)	(27.0, 21473.0)	(28.0, 27500.0)	(29.0, 35157.0)	(30.0, 46055.0)	(31.0, 62755.0)	(32.0, 94683.0)	(33.0, 169336.0)	(34.0, 366538.0)	(35.0, 341974.0)
SRR16683633_1	(2.0, 421.0)	(3.0, 0.0)	(4.0, 0.0)	(5.0, 0.0)	(6.0, 0.0)	(7.0, 0.0)	(8.0, 0.0)	(9.0, 0.0)	(10.0, 0.0)	(11.0, 0.0)	(12.0, 0.0)	(13.0, 3.0)	(14.0, 0.0)	(15.0, 8.0)	(16.0, 23.0)	(17.0, 75.0)	(18.0, 163.0)	(19.0, 372.0)	(20.0, 855.0)	(21.0, 1731.0)	(22.0, 3037.0)	(23.0, 5113.0)	(24.0, 8384.0)	(25.0, 12015.0)	(26.0, 16817.0)	(27.0, 23073.0)	(28.0, 29804.0)	(29.0, 39232.0)	(30.0, 50457.0)	(31.0, 67719.0)	(32.0, 98368.0)	(33.0, 170452.0)	(34.0, 384504.0)	(35.0, 452834.0)
SRR16683633_2	(2.0, 256.0)	(3.0, 0.0)	(4.0, 1.0)	(5.0, 0.0)	(6.0, 0.0)	(7.0, 2.0)	(8.0, 1.0)	(9.0, 0.0)	(10.0, 2.0)	(11.0, 3.0)	(12.0, 0.0)	(13.0, 0.0)	(14.0, 18.0)	(15.0, 136.0)	(16.0, 216.0)	(17.0, 354.0)	(18.0, 569.0)	(19.0, 1042.0)	(20.0, 1587.0)	(21.0, 2603.0)	(22.0, 4306.0)	(23.0, 6831.0)	(24.0, 10195.0)	(25.0, 14214.0)	(26.0, 19036.0)	(27.0, 25344.0)	(28.0, 32345.0)	(29.0, 42004.0)	(30.0, 54312.0)	(31.0, 75191.0)	(32.0, 113949.0)	(33.0, 210427.0)	(34.0, 445419.0)	(35.0, 305097.0)
SRR16683634_1	(2.0, 598.0)	(3.0, 0.0)	(4.0, 0.0)	(5.0, 0.0)	(6.0, 0.0)	(7.0, 0.0)	(8.0, 0.0)	(9.0, 0.0)	(10.0, 0.0)	(11.0, 2.0)	(12.0, 0.0)	(13.0, 1.0)	(14.0, 1.0)	(15.0, 10.0)	(16.0, 49.0)	(17.0, 117.0)	(18.0, 280.0)	(19.0, 657.0)	(20.0, 1432.0)	(21.0, 2914.0)	(22.0, 5207.0)	(23.0, 8331.0)	(24.0, 12439.0)	(25.0, 18064.0)	(26.0, 24630.0)	(27.0, 33085.0)	(28.0, 43513.0)	(29.0, 55605.0)	(30.0, 71389.0)	(31.0, 94564.0)	(32.0, 135890.0)	(33.0, 227920.0)	(34.0, 525164.0)	(35.0, 836344.0)
SRR16683634_2	(2.0, 261.0)	(3.0, 0.0)	(4.0, 0.0)	(5.0, 1.0)	(6.0, 0.0)	(7.0, 1.0)	(8.0, 1.0)	(9.0, 1.0)	(10.0, 1.0)	(11.0, 3.0)	(12.0, 2.0)	(13.0, 3.0)	(14.0, 30.0)	(15.0, 231.0)	(16.0, 359.0)	(17.0, 523.0)	(18.0, 815.0)	(19.0, 1503.0)	(20.0, 2747.0)	(21.0, 4102.0)	(22.0, 6277.0)	(23.0, 9577.0)	(24.0, 13918.0)	(25.0, 19502.0)	(26.0, 26212.0)	(27.0, 34622.0)	(28.0, 44498.0)	(29.0, 57521.0)	(30.0, 75205.0)	(31.0, 102605.0)	(32.0, 153249.0)	(33.0, 279080.0)	(34.0, 633562.0)	(35.0, 631794.0)
SRR16683635_1	(2.0, 581.0)	(3.0, 0.0)	(4.0, 0.0)	(5.0, 0.0)	(6.0, 0.0)	(7.0, 0.0)	(8.0, 0.0)	(9.0, 0.0)	(10.0, 0.0)	(11.0, 0.0)	(12.0, 0.0)	(13.0, 2.0)	(14.0, 4.0)	(15.0, 11.0)	(16.0, 28.0)	(17.0, 76.0)	(18.0, 174.0)	(19.0, 435.0)	(20.0, 899.0)	(21.0, 1801.0)	(22.0, 3290.0)	(23.0, 5123.0)	(24.0, 8031.0)	(25.0, 11687.0)	(26.0, 16532.0)	(27.0, 22005.0)	(28.0, 28980.0)	(29.0, 37299.0)	(30.0, 48134.0)	(31.0, 64681.0)	(32.0, 94080.0)	(33.0, 159973.0)	(34.0, 372162.0)	(35.0, 582653.0)
SRR16683635_2	(2.0, 297.0)	(3.0, 1.0)	(4.0, 0.0)	(5.0, 1.0)	(6.0, 3.0)	(7.0, 0.0)	(8.0, 3.0)	(9.0, 1.0)	(10.0, 1.0)	(11.0, 1.0)	(12.0, 0.0)	(13.0, 1.0)	(14.0, 17.0)	(15.0, 125.0)	(16.0, 261.0)	(17.0, 337.0)	(18.0, 576.0)	(19.0, 1040.0)	(20.0, 1718.0)	(21.0, 2712.0)	(22.0, 4376.0)	(23.0, 6976.0)	(24.0, 10092.0)	(25.0, 14276.0)	(26.0, 19080.0)	(27.0, 24783.0)	(28.0, 31965.0)	(29.0, 40467.0)	(30.0, 52881.0)	(31.0, 72735.0)	(32.0, 110184.0)	(33.0, 200415.0)	(34.0, 448047.0)	(35.0, 415269.0)
SRR16683636_1	(2.0, 468.0)	(3.0, 0.0)	(4.0, 0.0)	(5.0, 0.0)	(6.0, 0.0)	(7.0, 0.0)	(8.0, 0.0)	(9.0, 0.0)	(10.0, 0.0)	(11.0, 0.0)	(12.0, 0.0)	(13.0, 1.0)	(14.0, 4.0)	(15.0, 8.0)	(16.0, 38.0)	(17.0, 87.0)	(18.0, 173.0)	(19.0, 444.0)	(20.0, 968.0)	(21.0, 1931.0)	(22.0, 3490.0)	(23.0, 5410.0)	(24.0, 8314.0)	(25.0, 12054.0)	(26.0, 16686.0)	(27.0, 22119.0)	(28.0, 28877.0)	(29.0, 37216.0)	(30.0, 48056.0)	(31.0, 63680.0)	(32.0, 93489.0)	(33.0, 160260.0)	(34.0, 363668.0)	(35.0, 550030.0)
SRR16683636_2	(2.0, 201.0)	(3.0, 0.0)	(4.0, 1.0)	(5.0, 0.0)	(6.0, 0.0)	(7.0, 1.0)	(8.0, 1.0)	(9.0, 0.0)	(10.0, 1.0)	(11.0, 1.0)	(12.0, 1.0)	(13.0, 2.0)	(14.0, 22.0)	(15.0, 165.0)	(16.0, 352.0)	(17.0, 468.0)	(18.0, 617.0)	(19.0, 1178.0)	(20.0, 1999.0)	(21.0, 3102.0)	(22.0, 4775.0)	(23.0, 7346.0)	(24.0, 10527.0)	(25.0, 14569.0)	(26.0, 19386.0)	(27.0, 24869.0)	(28.0, 31602.0)	(29.0, 40229.0)	(30.0, 52563.0)	(31.0, 72234.0)	(32.0, 108786.0)	(33.0, 196529.0)	(34.0, 428046.0)	(35.0, 397898.0)
SRR16683637_1	(2.0, 507.0)	(3.0, 0.0)	(4.0, 0.0)	(5.0, 0.0)	(6.0, 0.0)	(7.0, 0.0)	(8.0, 0.0)	(9.0, 0.0)	(10.0, 0.0)	(11.0, 0.0)	(12.0, 0.0)	(13.0, 1.0)	(14.0, 1.0)	(15.0, 8.0)	(16.0, 26.0)	(17.0, 51.0)	(18.0, 150.0)	(19.0, 376.0)	(20.0, 849.0)	(21.0, 1691.0)	(22.0, 3224.0)	(23.0, 5369.0)	(24.0, 8426.0)	(25.0, 12570.0)	(26.0, 17130.0)	(27.0, 23047.0)	(28.0, 30091.0)	(29.0, 38696.0)	(30.0, 49943.0)	(31.0, 66286.0)	(32.0, 96362.0)	(33.0, 164423.0)	(34.0, 367795.0)	(35.0, 474786.0)
SRR16683637_2	(2.0, 291.0)	(3.0, 0.0)	(4.0, 1.0)	(5.0, 0.0)	(6.0, 0.0)	(7.0, 1.0)	(8.0, 0.0)	(9.0, 2.0)	(10.0, 2.0)	(11.0, 0.0)	(12.0, 3.0)	(13.0, 2.0)	(14.0, 18.0)	(15.0, 129.0)	(16.0, 254.0)	(17.0, 348.0)	(18.0, 514.0)	(19.0, 1066.0)	(20.0, 1710.0)	(21.0, 2892.0)	(22.0, 4630.0)	(23.0, 7274.0)	(24.0, 10615.0)	(25.0, 14587.0)	(26.0, 19666.0)	(27.0, 25803.0)	(28.0, 32634.0)	(29.0, 42072.0)	(30.0, 54684.0)	(31.0, 74742.0)	(32.0, 112835.0)	(33.0, 203761.0)	(34.0, 430654.0)	(35.0, 320618.0)
SRR16683638_1	(2.0, 498.0)	(3.0, 0.0)	(4.0, 0.0)	(5.0, 0.0)	(6.0, 0.0)	(7.0, 0.0)	(8.0, 0.0)	(9.0, 0.0)	(10.0, 1.0)	(11.0, 0.0)	(12.0, 0.0)	(13.0, 0.0)	(14.0, 2.0)	(15.0, 4.0)	(16.0, 19.0)	(17.0, 66.0)	(18.0, 136.0)	(19.0, 336.0)	(20.0, 702.0)	(21.0, 1359.0)	(22.0, 2669.0)	(23.0, 4447.0)	(24.0, 7041.0)	(25.0, 10232.0)	(26.0, 14425.0)	(27.0, 18920.0)	(28.0, 25201.0)	(29.0, 32269.0)	(30.0, 42012.0)	(31.0, 55508.0)	(32.0, 80313.0)	(33.0, 136995.0)	(34.0, 308819.0)	(35.0, 417201.0)
SRR16683638_2	(2.0, 269.0)	(3.0, 2.0)	(4.0, 0.0)	(5.0, 1.0)	(6.0, 1.0)	(7.0, 1.0)	(8.0, 0.0)	(9.0, 1.0)	(10.0, 1.0)	(11.0, 3.0)	(12.0, 1.0)	(13.0, 0.0)	(14.0, 21.0)	(15.0, 132.0)	(16.0, 255.0)	(17.0, 304.0)	(18.0, 513.0)	(19.0, 960.0)	(20.0, 1529.0)	(21.0, 2262.0)	(22.0, 3724.0)	(23.0, 5777.0)	(24.0, 8636.0)	(25.0, 11883.0)	(26.0, 16002.0)	(27.0, 20960.0)	(28.0, 26527.0)	(29.0, 33800.0)	(30.0, 43912.0)	(31.0, 59930.0)	(32.0, 91234.0)	(33.0, 164896.0)	(34.0, 363259.0)	(35.0, 302379.0)
SRR16683639_1	(2.0, 467.0)	(3.0, 0.0)	(4.0, 0.0)	(5.0, 0.0)	(6.0, 0.0)	(7.0, 0.0)	(8.0, 0.0)	(9.0, 0.0)	(10.0, 0.0)	(11.0, 0.0)	(12.0, 0.0)	(13.0, 2.0)	(14.0, 4.0)	(15.0, 1.0)	(16.0, 18.0)	(17.0, 77.0)	(18.0, 148.0)	(19.0, 365.0)	(20.0, 713.0)	(21.0, 1520.0)	(22.0, 2781.0)	(23.0, 4542.0)	(24.0, 7089.0)	(25.0, 10236.0)	(26.0, 14276.0)	(27.0, 19077.0)	(28.0, 24618.0)	(29.0, 31673.0)	(30.0, 40625.0)	(31.0, 55301.0)	(32.0, 80717.0)	(33.0, 136870.0)	(34.0, 314814.0)	(35.0, 475274.0)
SRR16683639_2	(2.0, 232.0)	(3.0, 0.0)	(4.0, 0.0)	(5.0, 0.0)	(6.0, 1.0)	(7.0, 0.0)	(8.0, 0.0)	(9.0, 1.0)	(10.0, 2.0)	(11.0, 4.0)	(12.0, 2.0)	(13.0, 3.0)	(14.0, 15.0)	(15.0, 137.0)	(16.0, 271.0)	(17.0, 350.0)	(18.0, 490.0)	(19.0, 875.0)	(20.0, 1563.0)	(21.0, 2570.0)	(22.0, 4167.0)	(23.0, 6450.0)	(24.0, 9482.0)	(25.0, 13080.0)	(26.0, 16965.0)	(27.0, 22012.0)	(28.0, 27988.0)	(29.0, 35024.0)	(30.0, 45734.0)	(31.0, 62810.0)	(32.0, 94468.0)	(33.0, 169543.0)	(34.0, 372025.0)	(35.0, 334944.0)
SRR16683640_1	(2.0, 587.0)	(3.0, 0.0)	(4.0, 0.0)	(5.0, 0.0)	(6.0, 0.0)	(7.0, 0.0)	(8.0, 0.0)	(9.0, 0.0)	(10.0, 0.0)	(11.0, 0.0)	(12.0, 1.0)	(13.0, 4.0)	(14.0, 3.0)	(15.0, 8.0)	(16.0, 41.0)	(17.0, 92.0)	(18.0, 186.0)	(19.0, 485.0)	(20.0, 1044.0)	(21.0, 2173.0)	(22.0, 3730.0)	(23.0, 6037.0)	(24.0, 9443.0)	(25.0, 13300.0)	(26.0, 18662.0)	(27.0, 24888.0)	(28.0, 32384.0)	(29.0, 41343.0)	(30.0, 54275.0)	(31.0, 71994.0)	(32.0, 104401.0)	(33.0, 178558.0)	(34.0, 417902.0)	(35.0, 652339.0)
SRR16683640_2	(2.0, 311.0)	(3.0, 1.0)	(4.0, 0.0)	(5.0, 3.0)	(6.0, 2.0)	(7.0, 0.0)	(8.0, 1.0)	(9.0, 1.0)	(10.0, 1.0)	(11.0, 0.0)	(12.0, 0.0)	(13.0, 3.0)	(14.0, 19.0)	(15.0, 168.0)	(16.0, 283.0)	(17.0, 412.0)	(18.0, 647.0)	(19.0, 1285.0)	(20.0, 2047.0)	(21.0, 3331.0)	(22.0, 5118.0)	(23.0, 8135.0)	(24.0, 11903.0)	(25.0, 16085.0)	(26.0, 21764.0)	(27.0, 28119.0)	(28.0, 36079.0)	(29.0, 45719.0)	(30.0, 59996.0)	(31.0, 81785.0)	(32.0, 123456.0)	(33.0, 223466.0)	(34.0, 506673.0)	(35.0, 457067.0)
SRR16683642_1	(2.0, 96.0)	(3.0, 0.0)	(4.0, 0.0)	(5.0, 0.0)	(6.0, 0.0)	(7.0, 0.0)	(8.0, 0.0)	(9.0, 0.0)	(10.0, 0.0)	(11.0, 0.0)	(12.0, 0.0)	(13.0, 0.0)	(14.0, 0.0)	(15.0, 1.0)	(16.0, 4.0)	(17.0, 32.0)	(18.0, 69.0)	(19.0, 141.0)	(20.0, 320.0)	(21.0, 730.0)	(22.0, 1417.0)	(23.0, 2878.0)	(24.0, 4992.0)	(25.0, 8182.0)	(26.0, 12777.0)	(27.0, 18239.0)	(28.0, 24964.0)	(29.0, 33303.0)	(30.0, 43783.0)	(31.0, 58898.0)	(32.0, 84060.0)	(33.0, 143105.0)	(34.0, 356950.0)	(35.0, 764455.0)
SRR16683642_2	(2.0, 74.0)	(3.0, 0.0)	(4.0, 0.0)	(5.0, 0.0)	(6.0, 1.0)	(7.0, 4.0)	(8.0, 8.0)	(9.0, 19.0)	(10.0, 18.0)	(11.0, 16.0)	(12.0, 15.0)	(13.0, 13.0)	(14.0, 29.0)	(15.0, 100.0)	(16.0, 165.0)	(17.0, 221.0)	(18.0, 348.0)	(19.0, 711.0)	(20.0, 1235.0)	(21.0, 2109.0)	(22.0, 3580.0)	(23.0, 5857.0)	(24.0, 9045.0)	(25.0, 12953.0)	(26.0, 17939.0)	(27.0, 23414.0)	(28.0, 30200.0)	(29.0, 38582.0)	(30.0, 49969.0)	(31.0, 66264.0)	(32.0, 97087.0)	(33.0, 171347.0)	(34.0, 427933.0)	(35.0, 600140.0)
SRR16683726_1	(2.0, 522.0)	(3.0, 0.0)	(4.0, 0.0)	(5.0, 0.0)	(6.0, 0.0)	(7.0, 0.0)	(8.0, 0.0)	(9.0, 0.0)	(10.0, 0.0)	(11.0, 0.0)	(12.0, 1.0)	(13.0, 0.0)	(14.0, 3.0)	(15.0, 13.0)	(16.0, 26.0)	(17.0, 70.0)	(18.0, 169.0)	(19.0, 451.0)	(20.0, 975.0)	(21.0, 1896.0)	(22.0, 3392.0)	(23.0, 5631.0)	(24.0, 8688.0)	(25.0, 12596.0)	(26.0, 17497.0)	(27.0, 23614.0)	(28.0, 30691.0)	(29.0, 40035.0)	(30.0, 50998.0)	(31.0, 68387.0)	(32.0, 97922.0)	(33.0, 166394.0)	(34.0, 384113.0)	(35.0, 585469.0)
SRR16683726_2	(2.0, 289.0)	(3.0, 1.0)	(4.0, 1.0)	(5.0, 0.0)	(6.0, 1.0)	(7.0, 0.0)	(8.0, 0.0)	(9.0, 1.0)	(10.0, 3.0)	(11.0, 1.0)	(12.0, 0.0)	(13.0, 1.0)	(14.0, 14.0)	(15.0, 153.0)	(16.0, 271.0)	(17.0, 378.0)	(18.0, 598.0)	(19.0, 1076.0)	(20.0, 1830.0)	(21.0, 2895.0)	(22.0, 4699.0)	(23.0, 7129.0)	(24.0, 10355.0)	(25.0, 14835.0)	(26.0, 19386.0)	(27.0, 25249.0)	(28.0, 32559.0)	(29.0, 41736.0)	(30.0, 54744.0)	(31.0, 74101.0)	(32.0, 111976.0)	(33.0, 203150.0)	(34.0, 459269.0)	(35.0, 432852.0)
SRR16683727_1	(2.0, 440.0)	(3.0, 0.0)	(4.0, 0.0)	(5.0, 0.0)	(6.0, 0.0)	(7.0, 0.0)	(8.0, 0.0)	(9.0, 0.0)	(10.0, 0.0)	(11.0, 0.0)	(12.0, 0.0)	(13.0, 0.0)	(14.0, 0.0)	(15.0, 1.0)	(16.0, 32.0)	(17.0, 56.0)	(18.0, 131.0)	(19.0, 265.0)	(20.0, 654.0)	(21.0, 1245.0)	(22.0, 2407.0)	(23.0, 3915.0)	(24.0, 6122.0)	(25.0, 8874.0)	(26.0, 12131.0)	(27.0, 16502.0)	(28.0, 21228.0)	(29.0, 27936.0)	(30.0, 35793.0)	(31.0, 48333.0)	(32.0, 70602.0)	(33.0, 120800.0)	(34.0, 269562.0)	(35.0, 385696.0)
SRR16683727_2	(2.0, 216.0)	(3.0, 1.0)	(4.0, 1.0)	(5.0, 0.0)	(6.0, 0.0)	(7.0, 1.0)	(8.0, 0.0)	(9.0, 1.0)	(10.0, 0.0)	(11.0, 1.0)	(12.0, 1.0)	(13.0, 2.0)	(14.0, 14.0)	(15.0, 117.0)	(16.0, 199.0)	(17.0, 289.0)	(18.0, 386.0)	(19.0, 766.0)	(20.0, 1306.0)	(21.0, 2166.0)	(22.0, 3605.0)	(23.0, 5644.0)	(24.0, 8159.0)	(25.0, 11312.0)	(26.0, 14879.0)	(27.0, 18828.0)	(28.0, 24241.0)	(29.0, 31019.0)	(30.0, 40430.0)	(31.0, 56072.0)	(32.0, 83988.0)	(33.0, 149448.0)	(34.0, 316328.0)	(35.0, 263305.0)
SRR16683728_1	(2.0, 516.0)	(3.0, 0.0)	(4.0, 0.0)	(5.0, 0.0)	(6.0, 0.0)	(7.0, 0.0)	(8.0, 0.0)	(9.0, 0.0)	(10.0, 0.0)	(11.0, 0.0)	(12.0, 0.0)	(13.0, 0.0)	(14.0, 3.0)	(15.0, 5.0)	(16.0, 30.0)	(17.0, 67.0)	(18.0, 144.0)	(19.0, 311.0)	(20.0, 734.0)	(21.0, 1426.0)	(22.0, 2590.0)	(23.0, 4164.0)	(24.0, 6124.0)	(25.0, 9218.0)	(26.0, 12800.0)	(27.0, 17232.0)	(28.0, 22672.0)	(29.0, 29088.0)	(30.0, 37875.0)	(31.0, 51185.0)	(32.0, 74102.0)	(33.0, 124797.0)	(34.0, 275861.0)	(35.0, 397388.0)
SRR16683728_2	(2.0, 255.0)	(3.0, 1.0)	(4.0, 1.0)	(5.0, 1.0)	(6.0, 1.0)	(7.0, 1.0)	(8.0, 0.0)	(9.0, 1.0)	(10.0, 1.0)	(11.0, 0.0)	(12.0, 2.0)	(13.0, 2.0)	(14.0, 11.0)	(15.0, 105.0)	(16.0, 248.0)	(17.0, 298.0)	(18.0, 434.0)	(19.0, 750.0)	(20.0, 1326.0)	(21.0, 2110.0)	(22.0, 3318.0)	(23.0, 5200.0)	(24.0, 7550.0)	(25.0, 10381.0)	(26.0, 14466.0)	(27.0, 18613.0)	(28.0, 24168.0)	(29.0, 30978.0)	(30.0, 40384.0)	(31.0, 55562.0)	(32.0, 84841.0)	(33.0, 151770.0)	(34.0, 323871.0)	(35.0, 291682.0)
SRR16683729_1	(2.0, 440.0)	(3.0, 0.0)	(4.0, 0.0)	(5.0, 0.0)	(6.0, 0.0)	(7.0, 0.0)	(8.0, 0.0)	(9.0, 0.0)	(10.0, 0.0)	(11.0, 0.0)	(12.0, 0.0)	(13.0, 1.0)	(14.0, 4.0)	(15.0, 7.0)	(16.0, 22.0)	(17.0, 54.0)	(18.0, 161.0)	(19.0, 338.0)	(20.0, 768.0)	(21.0, 1607.0)	(22.0, 3085.0)	(23.0, 5061.0)	(24.0, 8127.0)	(25.0, 11776.0)	(26.0, 16129.0)	(27.0, 21613.0)	(28.0, 28351.0)	(29.0, 36157.0)	(30.0, 46783.0)	(31.0, 62767.0)	(32.0, 91684.0)	(33.0, 159262.0)	(34.0, 368087.0)	(35.0, 483057.0)
SRR16683729_2	(2.0, 286.0)	(3.0, 0.0)	(4.0, 1.0)	(5.0, 1.0)	(6.0, 0.0)	(7.0, 1.0)	(8.0, 0.0)	(9.0, 3.0)	(10.0, 1.0)	(11.0, 1.0)	(12.0, 1.0)	(13.0, 0.0)	(14.0, 15.0)	(15.0, 120.0)	(16.0, 215.0)	(17.0, 309.0)	(18.0, 516.0)	(19.0, 970.0)	(20.0, 1716.0)	(21.0, 2814.0)	(22.0, 4504.0)	(23.0, 6982.0)	(24.0, 10089.0)	(25.0, 13758.0)	(26.0, 18479.0)	(27.0, 23726.0)	(28.0, 30574.0)	(29.0, 38823.0)	(30.0, 50993.0)	(31.0, 70678.0)	(32.0, 107338.0)	(33.0, 198897.0)	(34.0, 435734.0)	(35.0, 327796.0)
SRR16683736_1	(2.0, 120.0)	(3.0, 0.0)	(4.0, 0.0)	(5.0, 0.0)	(6.0, 0.0)	(7.0, 0.0)	(8.0, 0.0)	(9.0, 0.0)	(10.0, 0.0)	(11.0, 0.0)	(12.0, 0.0)	(13.0, 0.0)	(14.0, 0.0)	(15.0, 1.0)	(16.0, 3.0)	(17.0, 27.0)	(18.0, 63.0)	(19.0, 168.0)	(20.0, 340.0)	(21.0, 724.0)	(22.0, 1377.0)	(23.0, 2718.0)	(24.0, 4927.0)	(25.0, 8409.0)	(26.0, 12821.0)	(27.0, 18910.0)	(28.0, 26022.0)	(29.0, 34790.0)	(30.0, 45683.0)	(31.0, 61085.0)	(32.0, 89150.0)	(33.0, 152348.0)	(34.0, 378267.0)	(35.0, 728332.0)
SRR16683736_2	(2.0, 80.0)	(3.0, 0.0)	(4.0, 0.0)	(5.0, 1.0)	(6.0, 2.0)	(7.0, 3.0)	(8.0, 10.0)	(9.0, 23.0)	(10.0, 21.0)	(11.0, 20.0)	(12.0, 8.0)	(13.0, 18.0)	(14.0, 21.0)	(15.0, 108.0)	(16.0, 166.0)	(17.0, 168.0)	(18.0, 373.0)	(19.0, 667.0)	(20.0, 1178.0)	(21.0, 1802.0)	(22.0, 2964.0)	(23.0, 5014.0)	(24.0, 7650.0)	(25.0, 11529.0)	(26.0, 16543.0)	(27.0, 22243.0)	(28.0, 29448.0)	(29.0, 38380.0)	(30.0, 49785.0)	(31.0, 67155.0)	(32.0, 99681.0)	(33.0, 178011.0)	(34.0, 447268.0)	(35.0, 585945.0)
SRR16683747_1	(2.0, 162.0)	(3.0, 0.0)	(4.0, 0.0)	(5.0, 0.0)	(6.0, 0.0)	(7.0, 0.0)	(8.0, 0.0)	(9.0, 0.0)	(10.0, 0.0)	(11.0, 0.0)	(12.0, 0.0)	(13.0, 0.0)	(14.0, 0.0)	(15.0, 0.0)	(16.0, 5.0)	(17.0, 29.0)	(18.0, 78.0)	(19.0, 161.0)	(20.0, 310.0)	(21.0, 749.0)	(22.0, 1473.0)	(23.0, 2739.0)	(24.0, 4708.0)	(25.0, 7695.0)	(26.0, 11733.0)	(27.0, 16901.0)	(28.0, 22828.0)	(29.0, 30579.0)	(30.0, 39695.0)	(31.0, 53539.0)	(32.0, 77689.0)	(33.0, 134149.0)	(34.0, 340725.0)	(35.0, 738619.0)
SRR16683747_2	(2.0, 91.0)	(3.0, 0.0)	(4.0, 0.0)	(5.0, 0.0)	(6.0, 2.0)	(7.0, 3.0)	(8.0, 1.0)	(9.0, 10.0)	(10.0, 19.0)	(11.0, 17.0)	(12.0, 11.0)	(13.0, 10.0)	(14.0, 29.0)	(15.0, 134.0)	(16.0, 186.0)	(17.0, 255.0)	(18.0, 398.0)	(19.0, 723.0)	(20.0, 1272.0)	(21.0, 2053.0)	(22.0, 3361.0)	(23.0, 5535.0)	(24.0, 8430.0)	(25.0, 12041.0)	(26.0, 16522.0)	(27.0, 21648.0)	(28.0, 27594.0)	(29.0, 34788.0)	(30.0, 45286.0)	(31.0, 61684.0)	(32.0, 90334.0)	(33.0, 160103.0)	(34.0, 408939.0)	(35.0, 583087.0)
SRR16683758_1	(2.0, 123.0)	(3.0, 0.0)	(4.0, 0.0)	(5.0, 0.0)	(6.0, 0.0)	(7.0, 0.0)	(8.0, 0.0)	(9.0, 0.0)	(10.0, 0.0)	(11.0, 0.0)	(12.0, 0.0)	(13.0, 0.0)	(14.0, 0.0)	(15.0, 1.0)	(16.0, 3.0)	(17.0, 15.0)	(18.0, 53.0)	(19.0, 137.0)	(20.0, 301.0)	(21.0, 666.0)	(22.0, 1369.0)	(23.0, 2658.0)	(24.0, 4954.0)	(25.0, 8366.0)	(26.0, 13003.0)	(27.0, 18892.0)	(28.0, 26292.0)	(29.0, 34755.0)	(30.0, 45885.0)	(31.0, 61534.0)	(32.0, 87813.0)	(33.0, 150301.0)	(34.0, 374814.0)	(35.0, 723910.0)
SRR16683758_2	(2.0, 90.0)	(3.0, 0.0)	(4.0, 0.0)	(5.0, 0.0)	(6.0, 1.0)	(7.0, 0.0)	(8.0, 6.0)	(9.0, 26.0)	(10.0, 18.0)	(11.0, 12.0)	(12.0, 23.0)	(13.0, 17.0)	(14.0, 21.0)	(15.0, 104.0)	(16.0, 159.0)	(17.0, 199.0)	(18.0, 370.0)	(19.0, 653.0)	(20.0, 1189.0)	(21.0, 1853.0)	(22.0, 3136.0)	(23.0, 5313.0)	(24.0, 8407.0)	(25.0, 12481.0)	(26.0, 17571.0)	(27.0, 23597.0)	(28.0, 30397.0)	(29.0, 38944.0)	(30.0, 50436.0)	(31.0, 67203.0)	(32.0, 99302.0)	(33.0, 176935.0)	(34.0, 447749.0)	(35.0, 569633.0)
SRR16683770_1	(2.0, 111.0)	(3.0, 0.0)	(4.0, 0.0)	(5.0, 0.0)	(6.0, 0.0)	(7.0, 0.0)	(8.0, 0.0)	(9.0, 0.0)	(10.0, 0.0)	(11.0, 0.0)	(12.0, 0.0)	(13.0, 0.0)	(14.0, 0.0)	(15.0, 0.0)	(16.0, 2.0)	(17.0, 18.0)	(18.0, 51.0)	(19.0, 153.0)	(20.0, 307.0)	(21.0, 715.0)	(22.0, 1463.0)	(23.0, 2713.0)	(24.0, 4872.0)	(25.0, 7919.0)	(26.0, 12354.0)	(27.0, 17619.0)	(28.0, 24403.0)	(29.0, 32197.0)	(30.0, 42230.0)	(31.0, 56145.0)	(32.0, 80332.0)	(33.0, 135878.0)	(34.0, 332471.0)	(35.0, 664014.0)
SRR16683770_2	(2.0, 68.0)	(3.0, 0.0)	(4.0, 0.0)	(5.0, 1.0)	(6.0, 0.0)	(7.0, 1.0)	(8.0, 3.0)	(9.0, 18.0)	(10.0, 31.0)	(11.0, 24.0)	(12.0, 12.0)	(13.0, 6.0)	(14.0, 23.0)	(15.0, 111.0)	(16.0, 111.0)	(17.0, 201.0)	(18.0, 342.0)	(19.0, 724.0)	(20.0, 1275.0)	(21.0, 2226.0)	(22.0, 3854.0)	(23.0, 6224.0)	(24.0, 9350.0)	(25.0, 13519.0)	(26.0, 18302.0)	(27.0, 24080.0)	(28.0, 30437.0)	(29.0, 38349.0)	(30.0, 49015.0)	(31.0, 65450.0)	(32.0, 95137.0)	(33.0, 165079.0)	(34.0, 394335.0)	(35.0, 497659.0)
SRR16683781_1	(2.0, 121.0)	(3.0, 0.0)	(4.0, 0.0)	(5.0, 0.0)	(6.0, 0.0)	(7.0, 0.0)	(8.0, 0.0)	(9.0, 0.0)	(10.0, 0.0)	(11.0, 0.0)	(12.0, 0.0)	(13.0, 0.0)	(14.0, 0.0)	(15.0, 0.0)	(16.0, 13.0)	(17.0, 21.0)	(18.0, 59.0)	(19.0, 148.0)	(20.0, 274.0)	(21.0, 630.0)	(22.0, 1316.0)	(23.0, 2646.0)	(24.0, 4639.0)	(25.0, 7836.0)	(26.0, 11914.0)	(27.0, 17144.0)	(28.0, 23426.0)	(29.0, 31146.0)	(30.0, 40758.0)	(31.0, 54882.0)	(32.0, 78904.0)	(33.0, 136173.0)	(34.0, 343361.0)	(35.0, 667419.0)
SRR16683781_2	(2.0, 76.0)	(3.0, 0.0)	(4.0, 0.0)	(5.0, 0.0)	(6.0, 4.0)	(7.0, 1.0)	(8.0, 4.0)	(9.0, 16.0)	(10.0, 19.0)	(11.0, 17.0)	(12.0, 10.0)	(13.0, 9.0)	(14.0, 23.0)	(15.0, 103.0)	(16.0, 141.0)	(17.0, 185.0)	(18.0, 322.0)	(19.0, 579.0)	(20.0, 1059.0)	(21.0, 1960.0)	(22.0, 3328.0)	(23.0, 5503.0)	(24.0, 8411.0)	(25.0, 12263.0)	(26.0, 16629.0)	(27.0, 21710.0)	(28.0, 28088.0)	(29.0, 35859.0)	(30.0, 46653.0)	(31.0, 62419.0)	(32.0, 91981.0)	(33.0, 165825.0)	(34.0, 408766.0)	(35.0, 510867.0)
SRR16683792_1	(2.0, 103.0)	(3.0, 0.0)	(4.0, 0.0)	(5.0, 0.0)	(6.0, 0.0)	(7.0, 0.0)	(8.0, 0.0)	(9.0, 0.0)	(10.0, 0.0)	(11.0, 0.0)	(12.0, 0.0)	(13.0, 0.0)	(14.0, 0.0)	(15.0, 0.0)	(16.0, 3.0)	(17.0, 22.0)	(18.0, 53.0)	(19.0, 130.0)	(20.0, 304.0)	(21.0, 689.0)	(22.0, 1550.0)	(23.0, 2886.0)	(24.0, 4985.0)	(25.0, 8637.0)	(26.0, 13094.0)	(27.0, 19150.0)	(28.0, 26046.0)	(29.0, 34954.0)	(30.0, 45729.0)	(31.0, 61295.0)	(32.0, 88427.0)	(33.0, 149593.0)	(34.0, 375105.0)	(35.0, 754602.0)
SRR16683792_2	(2.0, 58.0)	(3.0, 0.0)	(4.0, 0.0)	(5.0, 0.0)	(6.0, 1.0)	(7.0, 3.0)	(8.0, 8.0)	(9.0, 14.0)	(10.0, 21.0)	(11.0, 30.0)	(12.0, 5.0)	(13.0, 7.0)	(14.0, 29.0)	(15.0, 95.0)	(16.0, 139.0)	(17.0, 186.0)	(18.0, 287.0)	(19.0, 572.0)	(20.0, 1112.0)	(21.0, 1802.0)	(22.0, 2883.0)	(23.0, 4856.0)	(24.0, 7718.0)	(25.0, 11349.0)	(26.0, 16073.0)	(27.0, 21812.0)	(28.0, 28682.0)	(29.0, 37345.0)	(30.0, 48305.0)	(31.0, 65818.0)	(32.0, 97150.0)	(33.0, 174026.0)	(34.0, 448098.0)	(35.0, 618873.0)
SRR16683803_1	(2.0, 105.0)	(3.0, 0.0)	(4.0, 0.0)	(5.0, 0.0)	(6.0, 0.0)	(7.0, 0.0)	(8.0, 0.0)	(9.0, 0.0)	(10.0, 0.0)	(11.0, 0.0)	(12.0, 0.0)	(13.0, 0.0)	(14.0, 0.0)	(15.0, 0.0)	(16.0, 6.0)	(17.0, 10.0)	(18.0, 64.0)	(19.0, 140.0)	(20.0, 291.0)	(21.0, 695.0)	(22.0, 1360.0)	(23.0, 2785.0)	(24.0, 5010.0)	(25.0, 8279.0)	(26.0, 12762.0)	(27.0, 18832.0)	(28.0, 25700.0)	(29.0, 34454.0)	(30.0, 44669.0)	(31.0, 60184.0)	(32.0, 85988.0)	(33.0, 146177.0)	(34.0, 364091.0)	(35.0, 793684.0)
SRR16683803_2	(2.0, 51.0)	(3.0, 0.0)	(4.0, 0.0)	(5.0, 0.0)	(6.0, 1.0)	(7.0, 1.0)	(8.0, 8.0)	(9.0, 18.0)	(10.0, 16.0)	(11.0, 15.0)	(12.0, 21.0)	(13.0, 8.0)	(14.0, 19.0)	(15.0, 99.0)	(16.0, 130.0)	(17.0, 208.0)	(18.0, 315.0)	(19.0, 639.0)	(20.0, 1173.0)	(21.0, 1902.0)	(22.0, 3210.0)	(23.0, 5335.0)	(24.0, 8559.0)	(25.0, 12610.0)	(26.0, 17592.0)	(27.0, 23462.0)	(28.0, 30470.0)	(29.0, 38739.0)	(30.0, 50573.0)	(31.0, 68499.0)	(32.0, 98515.0)	(33.0, 174895.0)	(34.0, 436297.0)	(35.0, 631906.0)
SRR16683814_1	(2.0, 141.0)	(3.0, 0.0)	(4.0, 0.0)	(5.0, 0.0)	(6.0, 0.0)	(7.0, 0.0)	(8.0, 0.0)	(9.0, 0.0)	(10.0, 0.0)	(11.0, 0.0)	(12.0, 0.0)	(13.0, 0.0)	(14.0, 0.0)	(15.0, 0.0)	(16.0, 10.0)	(17.0, 23.0)	(18.0, 91.0)	(19.0, 161.0)	(20.0, 362.0)	(21.0, 766.0)	(22.0, 1706.0)	(23.0, 3247.0)	(24.0, 5555.0)	(25.0, 9356.0)	(26.0, 14274.0)	(27.0, 20513.0)	(28.0, 28493.0)	(29.0, 37364.0)	(30.0, 49252.0)	(31.0, 65641.0)	(32.0, 92971.0)	(33.0, 156052.0)	(34.0, 384039.0)	(35.0, 859243.0)
SRR16683814_2	(2.0, 76.0)	(3.0, 0.0)	(4.0, 0.0)	(5.0, 1.0)	(6.0, 1.0)	(7.0, 4.0)	(8.0, 4.0)	(9.0, 18.0)	(10.0, 26.0)	(11.0, 25.0)	(12.0, 20.0)	(13.0, 13.0)	(14.0, 24.0)	(15.0, 138.0)	(16.0, 200.0)	(17.0, 266.0)	(18.0, 338.0)	(19.0, 757.0)	(20.0, 1405.0)	(21.0, 2287.0)	(22.0, 3831.0)	(23.0, 6263.0)	(24.0, 9745.0)	(25.0, 14473.0)	(26.0, 19601.0)	(27.0, 26560.0)	(28.0, 33755.0)	(29.0, 43397.0)	(30.0, 55412.0)	(31.0, 73792.0)	(32.0, 107538.0)	(33.0, 186215.0)	(34.0, 458466.0)	(35.0, 684609.0)
