Sample	0	1	2	3	4	5	6	7	8	9	10	11	12	13	14	15
SRR16683517_1	(1.0, 39.4452501762174)	(2.0, 20.264161909635412)	(3.0, 12.02162063729465)	(4.0, 7.687825784498954)	(5.0, 5.078531176571559)	(6.0, 3.5217614588629806)	(7.0, 2.5413353549670377)	(8.0, 1.837145592143594)	(9.0, 1.422317349117957)	('>10', 5.897549469328308)	('>50', 0.19288492238017635)	('>100', 0.08961616898197437)	('>500', 0.0)	('>1k', 0.0)	('>5k', 0.0)	('>10k+', 0.0)
SRR16683517_2	(1.0, 40.64297074518233)	(2.0, 20.115690808764626)	(3.0, 11.86635265905046)	(4.0, 7.466246714117718)	(5.0, 4.88917058454194)	(6.0, 3.5366281195587783)	(7.0, 2.470504587438141)	(8.0, 1.7837478712118569)	(9.0, 1.2556784597136716)	('>10', 5.655582579171297)	('>50', 0.1661207216321844)	('>100', 0.09030381442782688)	('>500', 0.06100233518916808)	('>1k', 0.0)	('>5k', 0.0)	('>10k+', 0.0)
SRR16683518_1	(1.0, 37.43033701766242)	(2.0, 20.18776242769385)	(3.0, 12.713724019637896)	(4.0, 8.07810028046186)	(5.0, 5.547363837758272)	(6.0, 3.863781586819157)	(7.0, 2.6213434811746392)	(8.0, 1.916166067848923)	(9.0, 1.431512988624986)	('>10', 6.031017156430335)	('>50', 0.11352538444949675)	('>100', 0.06536575143818721)	('>500', 0.0)	('>1k', 0.0)	('>5k', 0.0)	('>10k+', 0.0)
SRR16683518_2	(1.0, 37.80822695067048)	(2.0, 20.299296629644108)	(3.0, 12.651422128661219)	(4.0, 7.986194161451292)	(5.0, 5.4960026595722296)	(6.0, 3.7479335432084877)	(7.0, 2.5442755613797874)	(8.0, 1.9455678419301823)	(9.0, 1.4341651514153873)	('>10', 5.826183802198308)	('>50', 0.15016767596662145)	('>100', 0.06320470726262901)	('>500', 0.047359186639257096)	('>1k', 0.0)	('>5k', 0.0)	('>10k+', 0.0)
SRR16683519_1	(1.0, 35.956602539348964)	(2.0, 19.64212455645697)	(3.0, 12.433923474269736)	(4.0, 8.229812425990504)	(5.0, 5.624356349585919)	(6.0, 3.8799005805310913)	(7.0, 2.8998856823393173)	(8.0, 2.187783696992411)	(9.0, 1.6377951003515987)	('>10', 7.046552310819362)	('>50', 0.35244556387440806)	('>100', 0.1088177194397169)	('>500', 0.0)	('>1k', 0.0)	('>5k', 0.0)	('>10k+', 0.0)
SRR16683519_2	(1.0, 36.49114501195175)	(2.0, 19.55296031331738)	(3.0, 12.449632403468689)	(4.0, 8.097945091134834)	(5.0, 5.52205529176045)	(6.0, 3.9245325429188376)	(7.0, 2.8128068187068656)	(8.0, 2.078241396232696)	(9.0, 1.6191277738841503)	('>10', 6.983889340727282)	('>50', 0.2999365598346032)	('>100', 0.10710376147068212)	('>500', 0.0)	('>1k', 0.06062369459176522)	('>5k', 0.0)	('>10k+', 0.0)
SRR16683520_1	(1.0, 35.6440935864101)	(2.0, 19.156208784852307)	(3.0, 12.332186419397697)	(4.0, 7.979709954786464)	(5.0, 5.562993830146065)	(6.0, 3.913692997628155)	(7.0, 2.7994709275483807)	(8.0, 2.1266418759508183)	(9.0, 1.7100426603001841)	('>10', 8.160215276022466)	('>50', 0.4286176290041387)	('>100', 0.18612605795318285)	('>500', 0.0)	('>1k', 0.0)	('>5k', 0.0)	('>10k+', 0.0)
SRR16683520_2	(1.0, 36.26091371746035)	(2.0, 19.08162075484311)	(3.0, 12.093986805282029)	(4.0, 7.998413912684101)	(5.0, 5.361324046355721)	(6.0, 3.953000313555713)	(7.0, 2.847856864465985)	(8.0, 2.1770513980695037)	(9.0, 1.6695733464601619)	('>10', 7.889080421997778)	('>50', 0.4552752722430084)	('>100', 0.15361074103940198)	('>500', 0.05829240554317505)	('>1k', 0.0)	('>5k', 0.0)	('>10k+', 0.0)
SRR16683521_1	(1.0, 38.41614487561228)	(2.0, 20.455929107926156)	(3.0, 12.435176776371275)	(4.0, 8.027868938245208)	(5.0, 5.196177971793156)	(6.0, 3.5974174253269458)	(7.0, 2.4396126364471837)	(8.0, 1.8176478184995064)	(9.0, 1.4516061934223676)	('>10', 5.956938245787353)	('>50', 0.13036678179896877)	('>100', 0.07511322876954402)	('>500', 0.0)	('>1k', 0.0)	('>5k', 0.0)	('>10k+', 0.0)
SRR16683521_2	(1.0, 39.353883770017895)	(2.0, 20.261450278796524)	(3.0, 12.407312469040397)	(4.0, 7.804804311329051)	(5.0, 4.974375765683227)	(6.0, 3.6556402293278785)	(7.0, 2.50598797944415)	(8.0, 1.8428731668189444)	(9.0, 1.3433661057031203)	('>10', 5.605040552340886)	('>50', 0.13087860261872342)	('>100', 0.0631165300441565)	('>500', 0.05127023883506154)	('>1k', 0.0)	('>5k', 0.0)	('>10k+', 0.0)
SRR16683522_1	(1.0, 35.94296781598607)	(2.0, 19.963398155605404)	(3.0, 12.884040664872254)	(4.0, 8.485128132465416)	(5.0, 5.751014492071086)	(6.0, 3.786366534108438)	(7.0, 2.8747696229301813)	(8.0, 1.9436985145789751)	(9.0, 1.5856471098738958)	('>10', 6.470134230823324)	('>50', 0.23366992166412542)	('>100', 0.07916480502083859)	('>500', 0.0)	('>1k', 0.0)	('>5k', 0.0)	('>10k+', 0.0)
SRR16683522_2	(1.0, 36.39744085052755)	(2.0, 20.178869258681225)	(3.0, 12.671579729710656)	(4.0, 8.41321180029996)	(5.0, 5.704932342377213)	(6.0, 3.8298774546486607)	(7.0, 2.7350716875555037)	(8.0, 1.9403417950263582)	(9.0, 1.5387262110316378)	('>10', 6.25647843543341)	('>50', 0.21897471095103888)	('>100', 0.04741742094977849)	('>500', 0.0)	('>1k', 0.0670783028070037)	('>5k', 0.0)	('>10k+', 0.0)
SRR16683523_1	(1.0, 38.17658182618495)	(2.0, 20.585838602643992)	(3.0, 12.488251405313374)	(4.0, 7.8833811899504145)	(5.0, 5.373738536648425)	(6.0, 3.703600416204431)	(7.0, 2.577712896301529)	(8.0, 1.9910926765833794)	(9.0, 1.3697870244773325)	('>10', 5.675208144507242)	('>50', 0.10209505303055369)	('>100', 0.0727122281543556)	('>500', 0.0)	('>1k', 0.0)	('>5k', 0.0)	('>10k+', 0.0)
SRR16683523_2	(1.0, 38.85409622646626)	(2.0, 20.376878898515212)	(3.0, 12.438449128322853)	(4.0, 7.996187419622639)	(5.0, 5.256422047874267)	(6.0, 3.665106231803216)	(7.0, 2.506238943584643)	(8.0, 1.8969187172327155)	(9.0, 1.3382710798179085)	('>10', 5.452776253865362)	('>50', 0.09746241500753225)	('>100', 0.05969189627287356)	('>500', 0.0)	('>1k', 0.06150074161447579)	('>5k', 0.0)	('>10k+', 0.0)
SRR16683553_1	(1.0, 38.45739631778164)	(2.0, 20.663662817664015)	(3.0, 12.557742615041986)	(4.0, 8.122553133130843)	(5.0, 5.290201323657752)	(6.0, 3.604449877465253)	(7.0, 2.4531416965493555)	(8.0, 1.8128635904433272)	(9.0, 1.360980373270486)	('>10', 5.4962833754480185)	('>50', 0.11033669790814)	('>100', 0.07038818163921509)	('>500', 0.0)	('>1k', 0.0)	('>5k', 0.0)	('>10k+', 0.0)
SRR16683553_2	(1.0, 39.42160318921351)	(2.0, 20.439096577629716)	(3.0, 12.454313345309583)	(4.0, 7.8380736216536055)	(5.0, 5.185255930620563)	(6.0, 3.58139488847277)	(7.0, 2.4840090868698943)	(8.0, 1.782028509708251)	(9.0, 1.3215785995995002)	('>10', 5.253657157559063)	('>50', 0.1420224276438379)	('>100', 0.03577650516375389)	('>500', 0.06119016055593769)	('>1k', 0.0)	('>5k', 0.0)	('>10k+', 0.0)
SRR16683554_1	(1.0, 39.135041161957396)	(2.0, 20.729840396037552)	(3.0, 12.473521435920976)	(4.0, 7.7578619525905115)	(5.0, 5.150635483028815)	(6.0, 3.398427160662808)	(7.0, 2.3943361404819727)	(8.0, 1.7512602459364697)	(9.0, 1.28771808911858)	('>10', 5.676786704812832)	('>50', 0.17927539239310958)	('>100', 0.06529583705896712)	('>500', 0.0)	('>1k', 0.0)	('>5k', 0.0)	('>10k+', 0.0)
SRR16683554_2	(1.0, 40.115914466632866)	(2.0, 20.547213428053915)	(3.0, 12.123781821324773)	(4.0, 7.5674443394722335)	(5.0, 4.913162844966014)	(6.0, 3.355637029726114)	(7.0, 2.489800997640854)	(8.0, 1.7744854823542895)	(9.0, 1.2904915361737093)	('>10', 5.485093904461275)	('>50', 0.23495501564422192)	('>100', 0.051247452829127224)	('>500', 0.05077168072063399)	('>1k', 0.0)	('>5k', 0.0)	('>10k+', 0.0)
SRR16683555_1	(1.0, 38.42897746917323)	(2.0, 20.87195643100543)	(3.0, 12.573719546710226)	(4.0, 8.094937200340864)	(5.0, 5.360218492337167)	(6.0, 3.601664684921409)	(7.0, 2.5759851239719374)	(8.0, 1.917545985410557)	(9.0, 1.3157526751775432)	('>10', 5.112404846426539)	('>50', 0.10044897966133863)	('>100', 0.046388564863747594)	('>500', 0.0)	('>1k', 0.0)	('>5k', 0.0)	('>10k+', 0.0)
SRR16683555_2	(1.0, 39.015532582441246)	(2.0, 20.840498459293716)	(3.0, 12.6839470928284)	(4.0, 7.8775573668559735)	(5.0, 5.159184674354411)	(6.0, 3.555975642031324)	(7.0, 2.4701101290315535)	(8.0, 1.7949754278696912)	(9.0, 1.3246340258597005)	('>10', 5.047525998372124)	('>50', 0.13422839217441107)	('>100', 0.029324415114681875)	('>500', 0.0)	('>1k', 0.06650579377274898)	('>5k', 0.0)	('>10k+', 0.0)
SRR16683556_1	(1.0, 40.28648111165253)	(2.0, 20.696071839137396)	(3.0, 12.055156122178623)	(4.0, 7.445615914124465)	(5.0, 5.0226057800941)	(6.0, 3.346100122216385)	(7.0, 2.3250182926946334)	(8.0, 1.810936069890826)	(9.0, 1.3064684789173564)	('>10', 5.509467258144369)	('>50', 0.11672480658241532)	('>100', 0.07935420436692543)	('>500', 0.0)	('>1k', 0.0)	('>5k', 0.0)	('>10k+', 0.0)
SRR16683556_2	(1.0, 40.77661541623351)	(2.0, 20.49027331517846)	(3.0, 12.110659910372712)	(4.0, 7.375009467334813)	(5.0, 4.925434352690784)	(6.0, 3.340436613302167)	(7.0, 2.4114118351464344)	(8.0, 1.6842212445276405)	(9.0, 1.3048538957978444)	('>10', 5.330746220674092)	('>50', 0.1301072170653506)	('>100', 0.07320307906477742)	('>500', 0.04702743261131156)	('>1k', 0.0)	('>5k', 0.0)	('>10k+', 0.0)
SRR16683557_1	(1.0, 39.683851960329356)	(2.0, 20.655715004157127)	(3.0, 12.530425624471944)	(4.0, 7.8414101241154235)	(5.0, 4.981597138087797)	(6.0, 3.4863497891107675)	(7.0, 2.3785988624410637)	(8.0, 1.7869723234131731)	(9.0, 1.3112370526080452)	('>10', 5.142313551840521)	('>50', 0.12701349100611903)	('>100', 0.07451507841866274)	('>500', 0.0)	('>1k', 0.0)	('>5k', 0.0)	('>10k+', 0.0)
SRR16683557_2	(1.0, 41.073760908412105)	(2.0, 20.59713869626617)	(3.0, 12.244559155496326)	(4.0, 7.4506076371786065)	(5.0, 4.885895765485169)	(6.0, 3.314683255045192)	(7.0, 2.344161359961763)	(8.0, 1.659252579536712)	(9.0, 1.2375799091096176)	('>10', 4.956780575797476)	('>50', 0.1378875785541497)	('>100', 0.041308073262812196)	('>500', 0.05638450589392041)	('>1k', 0.0)	('>5k', 0.0)	('>10k+', 0.0)
SRR16683558_1	(1.0, 35.10287039163567)	(2.0, 19.014920906761063)	(3.0, 12.3881859013354)	(4.0, 8.271315905588878)	(5.0, 5.85645775445305)	(6.0, 4.208115500941425)	(7.0, 2.9150646970928715)	(8.0, 2.2776336590351685)	(9.0, 1.6937614718124197)	('>10', 7.937109021859904)	('>50', 0.20916545060214994)	('>100', 0.12539933888195592)	('>500', 0.0)	('>1k', 0.0)	('>5k', 0.0)	('>10k+', 0.0)
SRR16683558_2	(1.0, 36.20232956138181)	(2.0, 18.921756529917044)	(3.0, 12.262696870918122)	(4.0, 8.068198346635405)	(5.0, 5.6063924866185495)	(6.0, 4.039673459002624)	(7.0, 2.9749020525792638)	(8.0, 2.2815383982889106)	(9.0, 1.6468734499016302)	('>10', 7.6212432120364895)	('>50', 0.21974729921139022)	('>100', 0.09115886510572603)	('>500', 0.0)	('>1k', 0.06348946840304684)	('>5k', 0.0)	('>10k+', 0.0)
SRR16683559_1	(1.0, 40.23591565632897)	(2.0, 20.951867393850172)	(3.0, 12.298316203560852)	(4.0, 7.63345459374479)	(5.0, 4.9164084210880095)	(6.0, 3.288393955089344)	(7.0, 2.411183848579789)	(8.0, 1.6355559759969562)	(9.0, 1.2676719131897858)	('>10', 5.179343492746514)	('>50', 0.12576649574023196)	('>100', 0.056122050084600514)	('>500', 0.0)	('>1k', 0.0)	('>5k', 0.0)	('>10k+', 0.0)
SRR16683559_2	(1.0, 41.932632583973025)	(2.0, 20.579591677490672)	(3.0, 11.985334006085473)	(4.0, 7.6267741698287805)	(5.0, 4.768784614264128)	(6.0, 3.190008379048865)	(7.0, 2.236814702412067)	(8.0, 1.6024950969386398)	(9.0, 1.1817977422187649)	('>10', 4.672749394678613)	('>50', 0.11606331936436771)	('>100', 0.05787352688567922)	('>500', 0.04908078681089359)	('>1k', 0.0)	('>5k', 0.0)	('>10k+', 0.0)
SRR16683560_1	(1.0, 38.944495122656086)	(2.0, 19.973729102030823)	(3.0, 12.076093197798953)	(4.0, 7.65675608541757)	(5.0, 5.01815960119683)	(6.0, 3.5633420302016265)	(7.0, 2.7204993812782625)	(8.0, 1.9319944359777255)	(9.0, 1.3951610713644693)	('>10', 6.42976835733066)	('>50', 0.21122684740041414)	('>100', 0.07877476734659274)	('>500', 0.0)	('>1k', 0.0)	('>5k', 0.0)	('>10k+', 0.0)
SRR16683560_2	(1.0, 39.484449562081906)	(2.0, 20.119849527572168)	(3.0, 11.85392709504224)	(4.0, 7.68400004256649)	(5.0, 4.978863512169818)	(6.0, 3.576448712056891)	(7.0, 2.4644958954440686)	(8.0, 1.8546295438278153)	(9.0, 1.3256464182587124)	('>10', 6.352751412799937)	('>50', 0.19150146670935989)	('>100', 0.06822900800285257)	('>500', 0.04520780346774125)	('>1k', 0.0)	('>5k', 0.0)	('>10k+', 0.0)
SRR16683561_1	(1.0, 37.79520432552596)	(2.0, 20.445709525033713)	(3.0, 12.48323501103734)	(4.0, 8.28048791106641)	(5.0, 5.305747412959348)	(6.0, 3.793240538648985)	(7.0, 2.654395677149152)	(8.0, 1.8976555799867432)	(9.0, 1.4756223952101026)	('>10', 5.685163852169992)	('>50', 0.1174172083693818)	('>100', 0.06612056284284867)	('>500', 0.0)	('>1k', 0.0)	('>5k', 0.0)	('>10k+', 0.0)
SRR16683561_2	(1.0, 38.25014146114703)	(2.0, 20.32833548111379)	(3.0, 12.62766792975867)	(4.0, 8.029119460474309)	(5.0, 5.351095034868409)	(6.0, 3.6191769751014515)	(7.0, 2.7122006304393764)	(8.0, 1.7832543122274058)	(9.0, 1.4317202652096177)	('>10', 5.597028921772489)	('>50', 0.16235014892905317)	('>100', 0.059373464988451974)	('>500', 0.04853591396995142)	('>1k', 0.0)	('>5k', 0.0)	('>10k+', 0.0)
SRR16683562_1	(1.0, 36.204777755145365)	(2.0, 20.212884962831826)	(3.0, 12.994188616160551)	(4.0, 8.456184504877793)	(5.0, 5.722058318270743)	(6.0, 4.075814593664053)	(7.0, 2.8341943821018956)	(8.0, 2.0027778720455953)	(9.0, 1.5216873757131515)	('>10', 5.83672248836184)	('>50', 0.09341448498482237)	('>100', 0.04529464584234684)	('>500', 0.0)	('>1k', 0.0)	('>5k', 0.0)	('>10k+', 0.0)
SRR16683562_2	(1.0, 37.07480405652288)	(2.0, 20.078591641226023)	(3.0, 12.880449946843758)	(4.0, 8.448356450832602)	(5.0, 5.602656183104822)	(6.0, 3.835141437064212)	(7.0, 2.725953517007449)	(8.0, 1.9857181811120461)	(9.0, 1.4088864016687601)	('>10', 5.7568813016949525)	('>50', 0.10313331317147957)	('>100', 0.038188259963148126)	('>500', 0.0)	('>1k', 0.061239309787913476)	('>5k', 0.0)	('>10k+', 0.0)
SRR16683564_1	(1.0, 35.83486614226847)	(2.0, 19.53498770350153)	(3.0, 12.388060493144492)	(4.0, 7.946136411299324)	(5.0, 5.5235733172976715)	(6.0, 3.9667162394922406)	(7.0, 2.854549410169569)	(8.0, 2.009180846977649)	(9.0, 1.5935901398020729)	('>10', 7.981190472358615)	('>50', 0.3008181359800789)	('>100', 0.06633068770833218)	('>500', 0.0)	('>1k', 0.0)	('>5k', 0.0)	('>10k+', 0.0)
SRR16683564_2	(1.0, 36.86961081694594)	(2.0, 19.237403856770694)	(3.0, 12.29598943158861)	(4.0, 7.8936454714830715)	(5.0, 5.47752831111715)	(6.0, 3.7590613317365564)	(7.0, 2.690616525185167)	(8.0, 2.124473296488508)	(9.0, 1.6051126571072791)	('>10', 7.706822043999588)	('>50', 0.2414686685329526)	('>100', 0.052204656679885574)	('>500', 0.04606293236460492)	('>1k', 0.0)	('>5k', 0.0)	('>10k+', 0.0)
SRR16683565_1	(1.0, 38.037461795674865)	(2.0, 20.195008675336183)	(3.0, 12.510164476413028)	(4.0, 7.999824215211078)	(5.0, 5.50984982812145)	(6.0, 3.7854553594454945)	(7.0, 2.649945651016567)	(8.0, 1.9002122488092243)	(9.0, 1.4867199767639)	('>10', 5.746742734057592)	('>50', 0.11226481860574633)	('>100', 0.06635022054484552)	('>500', 0.0)	('>1k', 0.0)	('>5k', 0.0)	('>10k+', 0.0)
SRR16683565_2	(1.0, 38.88665077451553)	(2.0, 20.085900468844407)	(3.0, 12.41685043519831)	(4.0, 8.133453261902737)	(5.0, 5.1958056247020075)	(6.0, 3.6173492730638785)	(7.0, 2.5600172056220014)	(8.0, 1.8485712044962652)	(9.0, 1.3818190165826867)	('>10', 5.654155360701087)	('>50', 0.1165723569453543)	('>100', 0.04825871365932764)	('>500', 0.05459630376639597)	('>1k', 0.0)	('>5k', 0.0)	('>10k+', 0.0)
SRR16683566_1	(1.0, 37.018114017246646)	(2.0, 19.984426288051203)	(3.0, 12.632975942730573)	(4.0, 8.279772487178464)	(5.0, 5.521367789433557)	(6.0, 3.7915326083801713)	(7.0, 2.7231384497613034)	(8.0, 2.0509723302192335)	(9.0, 1.4499610047650724)	('>10', 6.327693245952953)	('>50', 0.1449521731191595)	('>100', 0.075093663161705)	('>500', 0.0)	('>1k', 0.0)	('>5k', 0.0)	('>10k+', 0.0)
SRR16683566_2	(1.0, 38.042266663893436)	(2.0, 19.929452685959298)	(3.0, 12.535785611727276)	(4.0, 7.961925092432312)	(5.0, 5.321917534640975)	(6.0, 3.757723920895849)	(7.0, 2.702363434440998)	(8.0, 2.0064600420128267)	(9.0, 1.4523952380846439)	('>10', 6.027177319769937)	('>50', 0.14276829892866993)	('>100', 0.0677005991253794)	('>500', 0.05206355808845548)	('>1k', 0.0)	('>5k', 0.0)	('>10k+', 0.0)
SRR16683567_1	(1.0, 34.67899393681801)	(2.0, 19.44441847431073)	(3.0, 12.430649976663467)	(4.0, 8.339844219050084)	(5.0, 5.789108704822275)	(6.0, 4.127701564164761)	(7.0, 2.9388157483243202)	(8.0, 2.3075258658271323)	(9.0, 1.7538329786053588)	('>10', 7.923658393207707)	('>50', 0.19856277547683648)	('>100', 0.06688736272931554)	('>500', 0.0)	('>1k', 0.0)	('>5k', 0.0)	('>10k+', 0.0)
SRR16683567_2	(1.0, 35.436675586674085)	(2.0, 19.61367932156947)	(3.0, 12.317087849719742)	(4.0, 8.106743844777517)	(5.0, 5.835555874147567)	(6.0, 3.9870023419333585)	(7.0, 2.9210003410085674)	(8.0, 2.247346551476048)	(9.0, 1.6573778538176975)	('>10', 7.593823515222518)	('>50', 0.1816334855683989)	('>100', 0.05575306828186988)	('>500', 0.04632036580317923)	('>1k', 0.0)	('>5k', 0.0)	('>10k+', 0.0)
SRR16683568_1	(1.0, 36.30007141734774)	(2.0, 19.78875235018636)	(3.0, 12.65884486167685)	(4.0, 8.233412625196918)	(5.0, 5.688001033312006)	(6.0, 4.087954898307478)	(7.0, 2.8316183116237617)	(8.0, 2.0593155539413783)	(9.0, 1.5236505740600248)	('>10', 6.623122657773772)	('>50', 0.13985114261211057)	('>100', 0.06540457396157631)	('>500', 0.0)	('>1k', 0.0)	('>5k', 0.0)	('>10k+', 0.0)
SRR16683568_2	(1.0, 36.831495147899254)	(2.0, 19.928870688756323)	(3.0, 12.661652521007547)	(4.0, 8.440822077407649)	(5.0, 5.477131643205922)	(6.0, 3.84047397759912)	(7.0, 2.756710842797166)	(8.0, 1.9846826172933578)	(9.0, 1.4627100944060851)	('>10', 6.391605478321534)	('>50', 0.10849424302673612)	('>100', 0.054402389569964696)	('>500', 0.0)	('>1k', 0.06094827870932344)	('>5k', 0.0)	('>10k+', 0.0)
SRR16683569_1	(1.0, 39.22888795739555)	(2.0, 20.86643438153719)	(3.0, 12.521077845031936)	(4.0, 7.931267914844263)	(5.0, 5.236558139405424)	(6.0, 3.490438146074231)	(7.0, 2.4507559457471126)	(8.0, 1.8006020236806208)	(9.0, 1.2610325060692098)	('>10', 5.056684364726054)	('>50', 0.11539074550584881)	('>100', 0.040870029982589436)	('>500', 0.0)	('>1k', 0.0)	('>5k', 0.0)	('>10k+', 0.0)
SRR16683569_2	(1.0, 40.551830924955304)	(2.0, 20.71163551913844)	(3.0, 12.464214451668107)	(4.0, 7.651167857977261)	(5.0, 5.049149994824158)	(6.0, 3.4192003629980268)	(7.0, 2.3177658564891015)	(8.0, 1.6890830426826793)	(9.0, 1.2021307348467345)	('>10', 4.745083803806387)	('>50', 0.10479816895974839)	('>100', 0.028836589140439864)	('>500', 0.0)	('>1k', 0.06510269251356947)	('>5k', 0.0)	('>10k+', 0.0)
SRR16683570_1	(1.0, 35.21986376017862)	(2.0, 19.47700886307746)	(3.0, 12.503329433774962)	(4.0, 8.345733587653148)	(5.0, 5.752941246112027)	(6.0, 4.087826175569083)	(7.0, 3.0235195656703193)	(8.0, 2.2578723126153037)	(9.0, 1.6631834113634982)	('>10', 7.38544770098238)	('>50', 0.1889982779017421)	('>100', 0.09427566510140087)	('>500', 0.0)	('>1k', 0.0)	('>5k', 0.0)	('>10k+', 0.0)
SRR16683570_2	(1.0, 36.43861171289635)	(2.0, 19.341923083863875)	(3.0, 12.41995238608458)	(4.0, 8.287389736963302)	(5.0, 5.644215081001678)	(6.0, 3.8983510306822877)	(7.0, 2.921414611833949)	(8.0, 2.132753184275067)	(9.0, 1.614254072927086)	('>10', 6.992838988830766)	('>50', 0.1774651381300596)	('>100', 0.08219224301030036)	('>500', 0.04863872950069731)	('>1k', 0.0)	('>5k', 0.0)	('>10k+', 0.0)
SRR16683571_1	(1.0, 38.809193286075256)	(2.0, 20.233703072799422)	(3.0, 11.99300655859433)	(4.0, 7.735783646858817)	(5.0, 5.00601139255707)	(6.0, 3.591620968467949)	(7.0, 2.5660315983549733)	(8.0, 1.9647631314050567)	(9.0, 1.420880972245693)	('>10', 6.414398854660869)	('>50', 0.17103740983946383)	('>100', 0.09356910814106996)	('>500', 0.0)	('>1k', 0.0)	('>5k', 0.0)	('>10k+', 0.0)
SRR16683571_2	(1.0, 40.0745374427615)	(2.0, 19.923609214178192)	(3.0, 11.869315630351664)	(4.0, 7.444456011228476)	(5.0, 4.972303994841483)	(6.0, 3.449806340355909)	(7.0, 2.493130027880428)	(8.0, 1.8508876386701516)	(9.0, 1.4210541909853567)	('>10', 6.209495456891455)	('>50', 0.1580131121984205)	('>100', 0.07679446841448925)	('>500', 0.05659647124245921)	('>1k', 0.0)	('>5k', 0.0)	('>10k+', 0.0)
SRR16683572_1	(1.0, 38.76501170594734)	(2.0, 20.466570472080758)	(3.0, 12.41445242356275)	(4.0, 7.963521031059711)	(5.0, 5.311555999457444)	(6.0, 3.5453381089070075)	(7.0, 2.5749524699645776)	(8.0, 1.8351257364162117)	(9.0, 1.357038620447553)	('>10', 5.55501096528786)	('>50', 0.1611797279407746)	('>100', 0.050242738927999256)	('>500', 0.0)	('>1k', 0.0)	('>5k', 0.0)	('>10k+', 0.0)
SRR16683572_2	(1.0, 39.73687423484682)	(2.0, 20.406046660007377)	(3.0, 12.345343285726063)	(4.0, 7.732535574327239)	(5.0, 5.052488701247401)	(6.0, 3.6509110149042963)	(7.0, 2.435498068006021)	(8.0, 1.787646168875212)	(9.0, 1.3280082013640944)	('>10', 5.304783339710638)	('>50', 0.1215456350390747)	('>100', 0.04271495474273034)	('>500', 0.05560416120300029)	('>1k', 0.0)	('>5k', 0.0)	('>10k+', 0.0)
SRR16683573_1	(1.0, 38.014748082378134)	(2.0, 19.769758167624374)	(3.0, 11.870896833028459)	(4.0, 7.670071859361344)	(5.0, 5.112450421511054)	(6.0, 3.5392448346897463)	(7.0, 2.6448243406157226)	(8.0, 1.9542236906299322)	(9.0, 1.488093387138207)	('>10', 7.412584493149235)	('>50', 0.3815562164257097)	('>100', 0.1415476734481261)	('>500', 0.0)	('>1k', 0.0)	('>5k', 0.0)	('>10k+', 0.0)
SRR16683573_2	(1.0, 38.78075428267047)	(2.0, 19.58296951034365)	(3.0, 11.74873212126423)	(4.0, 7.600803900679763)	(5.0, 5.084132816048766)	(6.0, 3.5149076005759996)	(7.0, 2.618031960134413)	(8.0, 1.8399583095225536)	(9.0, 1.4597367608501643)	('>10', 7.26048693154296)	('>50', 0.3424620505112008)	('>100', 0.11955819097095516)	('>500', 0.04746556488490165)	('>1k', 0.0)	('>5k', 0.0)	('>10k+', 0.0)
SRR16683575_1	(1.0, 35.054696902184794)	(2.0, 19.394541153614227)	(3.0, 12.800889418599384)	(4.0, 8.590239217734695)	(5.0, 5.720751162100512)	(6.0, 4.063460194847973)	(7.0, 3.014712067409041)	(8.0, 2.1359977526687937)	(9.0, 1.7049094111630487)	('>10', 7.263481617668606)	('>50', 0.16972771712589074)	('>100', 0.08659338488296733)	('>500', 0.0)	('>1k', 0.0)	('>5k', 0.0)	('>10k+', 0.0)
SRR16683575_2	(1.0, 35.78079798971734)	(2.0, 19.67223360993337)	(3.0, 12.619227058544052)	(4.0, 8.288223809027945)	(5.0, 5.731656355590706)	(6.0, 4.0515267517471765)	(7.0, 2.845967088674216)	(8.0, 2.2476095859299288)	(9.0, 1.6052618523674191)	('>10', 6.872759286777032)	('>50', 0.16788511603697628)	('>100', 0.06596282966001565)	('>500', 0.05088866599378841)	('>1k', 0.0)	('>5k', 0.0)	('>10k+', 0.0)
SRR16683576_1	(1.0, 39.867407236268534)	(2.0, 20.451495164875507)	(3.0, 12.03459724238879)	(4.0, 7.6259385185868815)	(5.0, 5.124739866775862)	(6.0, 3.3790589852267745)	(7.0, 2.3661998730853067)	(8.0, 1.7558232823444258)	(9.0, 1.2865953219146051)	('>10', 5.869461743625844)	('>50', 0.15866197941859234)	('>100', 0.08002078548882414)	('>500', 0.0)	('>1k', 0.0)	('>5k', 0.0)	('>10k+', 0.0)
SRR16683576_2	(1.0, 40.67547399345738)	(2.0, 20.182312642382584)	(3.0, 11.99581874597484)	(4.0, 7.478060697974)	(5.0, 4.970424529381724)	(6.0, 3.337645917478295)	(7.0, 2.367343938626485)	(8.0, 1.7552600758166177)	(9.0, 1.3128906002873646)	('>10', 5.638693773603876)	('>50', 0.15617662606331453)	('>100', 0.06690697991577514)	('>500', 0.06299147903774724)	('>1k', 0.0)	('>5k', 0.0)	('>10k+', 0.0)
SRR16683577_1	(1.0, 38.21779508703679)	(2.0, 20.216124917677284)	(3.0, 12.246498935487486)	(4.0, 8.009621695423983)	(5.0, 5.1691261153563275)	(6.0, 3.5142160419547515)	(7.0, 2.5871833666589836)	(8.0, 1.9134789131850138)	(9.0, 1.3904326261613726)	('>10', 6.409460808169378)	('>50', 0.244478313319819)	('>100', 0.08158317956880443)	('>500', 0.0)	('>1k', 0.0)	('>5k', 0.0)	('>10k+', 0.0)
SRR16683577_2	(1.0, 39.42475202845343)	(2.0, 19.96779898362319)	(3.0, 12.064878223033922)	(4.0, 7.6280582733737265)	(5.0, 5.092210414429966)	(6.0, 3.513439549397922)	(7.0, 2.4551036884647384)	(8.0, 1.8653133531881743)	(9.0, 1.3496066801210538)	('>10', 6.290694563197663)	('>50', 0.2025808473020222)	('>100', 0.08668165058484377)	('>500', 0.058881744829348215)	('>1k', 0.0)	('>5k', 0.0)	('>10k+', 0.0)
SRR16683578_1	(1.0, 39.86622617628997)	(2.0, 20.577714432764317)	(3.0, 12.170257370992605)	(4.0, 7.598337600916899)	(5.0, 4.911303976916708)	(6.0, 3.4741035587267035)	(7.0, 2.3953665821156105)	(8.0, 1.7242647101468986)	(9.0, 1.2532952806054498)	('>10', 5.775914331360185)	('>50', 0.15616687051716238)	('>100', 0.0970491086475414)	('>500', 0.0)	('>1k', 0.0)	('>5k', 0.0)	('>10k+', 0.0)
SRR16683578_2	(1.0, 40.923699750436384)	(2.0, 20.16193015409819)	(3.0, 12.103150988054526)	(4.0, 7.662544003871552)	(5.0, 4.890339832699409)	(6.0, 3.2784305148381314)	(7.0, 2.3117994634548626)	(8.0, 1.7140348628221194)	(9.0, 1.2432101331270826)	('>10', 5.422953574185704)	('>50', 0.15363881915700767)	('>100', 0.07147229023216839)	('>500', 0.06279561302291337)	('>1k', 0.0)	('>5k', 0.0)	('>10k+', 0.0)
SRR16683579_1	(1.0, 44.584978842870896)	(2.0, 19.82308062460717)	(3.0, 11.12844678927084)	(4.0, 6.783294681824906)	(5.0, 4.484580456206675)	(6.0, 2.989198081185323)	(7.0, 2.0642448962959032)	(8.0, 1.596247163826369)	(9.0, 1.1951500547247478)	('>10', 5.130218632341956)	('>50', 0.14264146221353935)	('>100', 0.0779183146316728)	('>500', 0.0)	('>1k', 0.0)	('>5k', 0.0)	('>10k+', 0.0)
SRR16683579_2	(1.0, 44.61105247567596)	(2.0, 19.865328229364497)	(3.0, 11.303818025003896)	(4.0, 6.650509840465912)	(5.0, 4.499367363127783)	(6.0, 2.9174735350569034)	(7.0, 2.0639111058128283)	(8.0, 1.5210458470770454)	(9.0, 1.1026168486823213)	('>10', 5.160026843797433)	('>50', 0.16952182657808285)	('>100', 0.05809124676159701)	('>500', 0.07723681259570081)	('>1k', 0.0)	('>5k', 0.0)	('>10k+', 0.0)
SRR16683580_1	(1.0, 32.76822552755725)	(2.0, 16.683449375976412)	(3.0, 11.131054017408403)	(4.0, 7.8567583102081215)	(5.0, 5.67269917981231)	(6.0, 3.990472432597088)	(7.0, 3.156375303533553)	(8.0, 2.4218848132808946)	(9.0, 1.8288699033413907)	('>10', 11.719274955624375)	('>50', 1.6127239457639306)	('>100', 1.1308187431270271)	('>500', 0.02739349176929875)	('>1k', 0.0)	('>5k', 0.0)	('>10k+', 0.0)
SRR16683580_2	(1.0, 32.50811502984592)	(2.0, 17.009534655543636)	(3.0, 11.284456937337199)	(4.0, 7.769724871859827)	(5.0, 5.465328908419975)	(6.0, 4.060569914225067)	(7.0, 3.1134127692004716)	(8.0, 2.5065085983760462)	(9.0, 1.8553458315347469)	('>10', 11.507801139075296)	('>50', 1.7591706057767842)	('>100', 1.096984610109304)	('>500', 0.0)	('>1k', 0.06304612869568316)	('>5k', 0.0)	('>10k+', 0.0)
SRR16683614_1	(1.0, 38.99495141811034)	(2.0, 18.774643833204678)	(3.0, 11.363443866629613)	(4.0, 7.308118616105339)	(5.0, 4.8535288664676175)	(6.0, 3.260053152114705)	(7.0, 2.3922492895906626)	(8.0, 1.8395528479194894)	(9.0, 1.3292449349455204)	('>10', 8.197037726528668)	('>50', 1.0198519756391518)	('>100', 0.5920107169768994)	('>500', 0.07531275576731443)	('>1k', 0.0)	('>5k', 0.0)	('>10k+', 0.0)
SRR16683614_2	(1.0, 39.47951931774066)	(2.0, 18.66253451487867)	(3.0, 11.234535880305966)	(4.0, 7.121676125430055)	(5.0, 4.805223528097896)	(6.0, 3.3133344862710814)	(7.0, 2.429348475545109)	(8.0, 1.8018450350875872)	(9.0, 1.3175534194259086)	('>10', 8.09631520665864)	('>50', 1.0643919426090493)	('>100', 0.5686696420394173)	('>500', 0.035600405926685105)	('>1k', 0.06945201998328743)	('>5k', 0.0)	('>10k+', 0.0)
SRR16683615_1	(1.0, 31.1273622856799)	(2.0, 16.054882876685856)	(3.0, 10.07650467290754)	(4.0, 6.8044092278170405)	(5.0, 4.751757192900415)	(6.0, 3.3828445338071083)	(7.0, 2.497443430602676)	(8.0, 2.038909587167769)	(9.0, 1.5133976419631112)	('>10', 12.068615543665011)	('>50', 4.025560343391563)	('>100', 5.3236271061059615)	('>500', 0.28851096404571364)	('>1k', 0.046174593260335926)	('>5k', 0.0)	('>10k+', 0.0)
SRR16683615_2	(1.0, 31.370401952401792)	(2.0, 15.839059986921503)	(3.0, 10.241537253269316)	(4.0, 6.797562745073135)	(5.0, 4.689917968448709)	(6.0, 3.3385937800013936)	(7.0, 2.5442185033291733)	(8.0, 2.0207285371675576)	(9.0, 1.5016883803716867)	('>10', 12.103727913893035)	('>50', 3.9578325585687484)	('>100', 5.225266180116125)	('>500', 0.2582306530336969)	('>1k', 0.1112335874040747)	('>5k', 0.0)	('>10k+', 0.0)
SRR16683616_1	(1.0, 40.81780339469214)	(2.0, 19.963887603470877)	(3.0, 11.555274010013278)	(4.0, 7.301608094936234)	(5.0, 4.809966552382948)	(6.0, 3.2486476389796626)	(7.0, 2.4092905664202546)	(8.0, 1.6982264445817976)	(9.0, 1.3553202466550482)	('>10', 6.4291720918683914)	('>50', 0.27178811719708207)	('>100', 0.1390152388022787)	('>500', 0.0)	('>1k', 0.0)	('>5k', 0.0)	('>10k+', 0.0)
SRR16683616_2	(1.0, 41.29032761268734)	(2.0, 19.6510872667684)	(3.0, 11.375755566838247)	(4.0, 7.307988415205968)	(5.0, 4.8430200992990216)	(6.0, 3.2837718852747595)	(7.0, 2.393659036470749)	(8.0, 1.7320575641341835)	(9.0, 1.2777211578510579)	('>10', 6.441369802574262)	('>50', 0.22923695684448614)	('>100', 0.11648991422311467)	('>500', 0.05751472182836766)	('>1k', 0.0)	('>5k', 0.0)	('>10k+', 0.0)
SRR16683617_1	(1.0, 42.29973221313485)	(2.0, 19.22508787397132)	(3.0, 10.943296979886131)	(4.0, 6.8696908942990715)	(5.0, 4.690400177805967)	(6.0, 3.136412023288102)	(7.0, 2.326444756530076)	(8.0, 1.6972078891381768)	(9.0, 1.3676542471017317)	('>10', 6.987528530781721)	('>50', 0.3535666041188428)	('>100', 0.0607855128141534)	('>500', 0.04219229712982413)	('>1k', 0.0)	('>5k', 0.0)	('>10k+', 0.0)
SRR16683617_2	(1.0, 43.14345437801845)	(2.0, 18.92291911068954)	(3.0, 10.97758141493965)	(4.0, 6.784550332168382)	(5.0, 4.5166118747871336)	(6.0, 3.1181104022397648)	(7.0, 2.252950211645305)	(8.0, 1.6258140819254265)	(9.0, 1.3234987877670104)	('>10', 6.843510122641446)	('>50', 0.3621899633594932)	('>100', 0.07240054418457724)	('>500', 0.05640877563391787)	('>1k', 0.0)	('>5k', 0.0)	('>10k+', 0.0)
SRR16683618_1	(1.0, 40.889853750003404)	(2.0, 18.58695707696864)	(3.0, 10.497200879892302)	(4.0, 6.415409685801514)	(5.0, 4.2001638811449125)	(6.0, 3.0965260316595797)	(7.0, 2.0998480604798218)	(8.0, 1.6840353124594305)	(9.0, 1.3152944795629502)	('>10', 9.069806540337963)	('>50', 1.460328606453071)	('>100', 0.6381676970096013)	('>500', 0.04640799822681978)	('>1k', 0.0)	('>5k', 0.0)	('>10k+', 0.0)
SRR16683618_2	(1.0, 41.31546265916616)	(2.0, 18.420925224607025)	(3.0, 10.550054655691435)	(4.0, 6.426139411323422)	(5.0, 4.241468976758937)	(6.0, 2.9472560766042157)	(7.0, 2.163044115091973)	(8.0, 1.6404893983889879)	(9.0, 1.2309316482024342)	('>10', 8.924977440607446)	('>50', 1.3977699434169015)	('>100', 0.6845381988848984)	('>500', 0.05694225125616287)	('>1k', 0.0)	('>5k', 0.0)	('>10k+', 0.0)
SRR16683619_1	(1.0, 38.81001777375314)	(2.0, 20.19464675489963)	(3.0, 12.070494540441471)	(4.0, 7.71592947113353)	(5.0, 5.205094249375804)	(6.0, 3.571862729879556)	(7.0, 2.541210615371166)	(8.0, 1.873793646275469)	(9.0, 1.4954801551464363)	('>10', 6.225892086974085)	('>50', 0.20084049494159964)	('>100', 0.09473748180810969)	('>500', 0.0)	('>1k', 0.0)	('>5k', 0.0)	('>10k+', 0.0)
SRR16683619_2	(1.0, 39.630663397004966)	(2.0, 19.967968894168997)	(3.0, 12.060606982370082)	(4.0, 7.756584371674985)	(5.0, 5.071189785726073)	(6.0, 3.571593643777788)	(7.0, 2.4067605993168506)	(8.0, 1.8123366249399517)	(9.0, 1.4337544660095207)	('>10', 5.965822113574359)	('>50', 0.1891625527007746)	('>100', 0.0865247371767854)	('>500', 0.04703183155892412)	('>1k', 0.0)	('>5k', 0.0)	('>10k+', 0.0)
SRR16683620_1	(1.0, 43.59774800231423)	(2.0, 19.57758965572623)	(3.0, 11.005882935920832)	(4.0, 6.657071562108268)	(5.0, 4.355183937748638)	(6.0, 3.0326698138646635)	(7.0, 2.1974295913984445)	(8.0, 1.5335562073057756)	(9.0, 1.212913611060454)	('>10', 6.371381422241733)	('>50', 0.2826179674900166)	('>100', 0.12970669465788956)	('>500', 0.046248598162860484)	('>1k', 0.0)	('>5k', 0.0)	('>10k+', 0.0)
SRR16683620_2	(1.0, 43.73918137865522)	(2.0, 19.601505613680096)	(3.0, 10.892952946752239)	(4.0, 6.619616646141339)	(5.0, 4.32691094728705)	(6.0, 3.088413290385823)	(7.0, 2.2206792186680855)	(8.0, 1.5981891411617506)	(9.0, 1.1142429301292576)	('>10', 6.251565061554654)	('>50', 0.3545294000867961)	('>100', 0.1263568384153085)	('>500', 0.06585658708233591)	('>1k', 0.0)	('>5k', 0.0)	('>10k+', 0.0)
SRR16683621_1	(1.0, 41.332045927787426)	(2.0, 19.712668645187804)	(3.0, 11.510508495535117)	(4.0, 7.3519575747772405)	(5.0, 4.790934271652568)	(6.0, 3.3429750568087675)	(7.0, 2.2765885223739923)	(8.0, 1.7788576498914446)	(9.0, 1.3307191613442366)	('>10', 6.23724579961256)	('>50', 0.21507730457113447)	('>100', 0.07295717410184789)	('>500', 0.047464416355835405)	('>1k', 0.0)	('>5k', 0.0)	('>10k+', 0.0)
SRR16683621_2	(1.0, 41.3615110373363)	(2.0, 19.556428364762976)	(3.0, 11.668592925936554)	(4.0, 7.199774678618214)	(5.0, 4.757786740137832)	(6.0, 3.4024129011437365)	(7.0, 2.4378758753006506)	(8.0, 1.842956941097033)	(9.0, 1.3599644202954537)	('>10', 6.032785171000861)	('>50', 0.24450736316043575)	('>100', 0.07241209171667624)	('>500', 0.06299148949334166)	('>1k', 0.0)	('>5k', 0.0)	('>10k+', 0.0)
SRR16683622_1	(1.0, 47.71995859045)	(2.0, 19.83821017969333)	(3.0, 10.55516140613047)	(4.0, 6.088893514913191)	(5.0, 3.7633005556948316)	(6.0, 2.5083564740112902)	(7.0, 1.7978203952686556)	(8.0, 1.2480856139806507)	(9.0, 1.04995466237457)	('>10', 5.082652762526271)	('>50', 0.24721921921916196)	('>100', 0.043701433286393275)	('>500', 0.056685192451191274)	('>1k', 0.0)	('>5k', 0.0)	('>10k+', 0.0)
SRR16683622_2	(1.0, 48.099522508067466)	(2.0, 19.716095348365293)	(3.0, 10.460838429210247)	(4.0, 5.965305881964855)	(5.0, 3.730672719987608)	(6.0, 2.555298541831779)	(7.0, 1.7712700842909483)	(8.0, 1.30584332062017)	(9.0, 0.9573650028072181)	('>10', 5.039214445466389)	('>50', 0.25013936746420934)	('>100', 0.087432483893872)	('>500', 0.06100186602994455)	('>1k', 0.0)	('>5k', 0.0)	('>10k+', 0.0)
SRR16683623_1	(1.0, 43.59442140902329)	(2.0, 19.52725515574925)	(3.0, 10.99860164119071)	(4.0, 6.776517142682927)	(5.0, 4.5881831195914975)	(6.0, 3.022759925455853)	(7.0, 2.3440674263918595)	(8.0, 1.63798459588804)	(9.0, 1.228499687330215)	('>10', 5.8838300134118455)	('>50', 0.23418138354190376)	('>100', 0.16369849974263137)	('>500', 0.0)	('>1k', 0.0)	('>5k', 0.0)	('>10k+', 0.0)
SRR16683623_2	(1.0, 44.60795163836198)	(2.0, 19.32682453351826)	(3.0, 11.004034236383633)	(4.0, 6.755970051267625)	(5.0, 4.2825357167336255)	(6.0, 2.9582987537248617)	(7.0, 2.1611403650527)	(8.0, 1.5299001468553948)	(9.0, 1.164779396816283)	('>10', 5.738361973621096)	('>50', 0.24409600407500545)	('>100', 0.15677667690295283)	('>500', 0.06933050668656499)	('>1k', 0.0)	('>5k', 0.0)	('>10k+', 0.0)
SRR16683624_1	(1.0, 41.87374187198069)	(2.0, 19.285494192172806)	(3.0, 10.924080497580555)	(4.0, 6.611157984930551)	(5.0, 4.275508612033153)	(6.0, 2.9298036181328424)	(7.0, 2.1302378163934668)	(8.0, 1.5098445870756607)	(9.0, 1.2240257561049495)	('>10', 8.03812567877792)	('>50', 0.8705024337549846)	('>100', 0.28432593930290434)	('>500', 0.043151011759546734)	('>1k', 0.0)	('>5k', 0.0)	('>10k+', 0.0)
SRR16683624_2	(1.0, 42.057843333113006)	(2.0, 19.163198111719254)	(3.0, 10.659728953051681)	(4.0, 6.5899446909803885)	(5.0, 4.26911055390479)	(6.0, 3.0236210636600687)	(7.0, 2.148350739338858)	(8.0, 1.6140538511333755)	(9.0, 1.267149583993987)	('>10', 7.919085534808483)	('>50', 0.9047877354803788)	('>100', 0.3199637636970037)	('>500', 0.06316208511873256)	('>1k', 0.0)	('>5k', 0.0)	('>10k+', 0.0)
SRR16683625_1	(1.0, 39.879475400249156)	(2.0, 16.99475219562043)	(3.0, 9.207347686033044)	(4.0, 5.559685031933723)	(5.0, 3.695857738353435)	(6.0, 2.5721149770685305)	(7.0, 1.8482041695026592)	(8.0, 1.3384830944641948)	(9.0, 1.1436689963114957)	('>10', 10.66899477150928)	('>50', 3.521168849324651)	('>100', 3.5297424699038773)	('>500', 0.04050461972555433)	('>1k', 0.0)	('>5k', 0.0)	('>10k+', 0.0)
SRR16683625_2	(1.0, 40.241233263853275)	(2.0, 16.873331747214277)	(3.0, 9.239104279979797)	(4.0, 5.555479847173943)	(5.0, 3.5714216256865785)	(6.0, 2.4253681244934944)	(7.0, 1.822036137282139)	(8.0, 1.3699261011679256)	(9.0, 1.1205056283327879)	('>10', 10.64562610426314)	('>50', 3.726983465146796)	('>100', 3.306565579304744)	('>500', 0.10241809610107779)	('>1k', 0.0)	('>5k', 0.0)	('>10k+', 0.0)
SRR16683626_1	(1.0, 42.91567626080107)	(2.0, 18.811994380689992)	(3.0, 10.555098614551275)	(4.0, 6.357074084973792)	(5.0, 4.126852083223738)	(6.0, 2.6549936098521845)	(7.0, 2.0854888492650416)	(8.0, 1.5468701198643922)	(9.0, 1.228234631525048)	('>10', 8.120285904067709)	('>50', 1.122607255382732)	('>100', 0.4317099409989253)	('>500', 0.04311426480409766)	('>1k', 0.0)	('>5k', 0.0)	('>10k+', 0.0)
SRR16683626_2	(1.0, 43.53822567452805)	(2.0, 18.605606120820354)	(3.0, 10.402669809603006)	(4.0, 6.267365865626731)	(5.0, 4.306620304666399)	(6.0, 2.738970754781483)	(7.0, 2.0256403090833324)	(8.0, 1.518945794611641)	(9.0, 1.1973405680323304)	('>10', 7.844289510270041)	('>50', 1.0580429840543488)	('>100', 0.4286772841929432)	('>500', 0.06760501972935304)	('>1k', 0.0)	('>5k', 0.0)	('>10k+', 0.0)
SRR16683627_1	(1.0, 41.79171576173558)	(2.0, 17.75523593124471)	(3.0, 9.576673194688784)	(4.0, 5.815658340452194)	(5.0, 3.5320725113557985)	(6.0, 2.5566353424266097)	(7.0, 1.8404933735074291)	(8.0, 1.408258782481198)	(9.0, 1.1556582436323763)	('>10', 9.925225769477835)	('>50', 2.7961056877833412)	('>100', 1.8462670612141634)	('>500', 0.0)	('>1k', 0.0)	('>5k', 0.0)	('>10k+', 0.0)
SRR16683627_2	(1.0, 42.01468965520703)	(2.0, 17.494620381197297)	(3.0, 9.663120303899522)	(4.0, 5.733164122717076)	(5.0, 3.6907038916936425)	(6.0, 2.5643058963849814)	(7.0, 1.793026137481285)	(8.0, 1.3243349910216933)	(9.0, 1.0618922120263)	('>10', 10.03039134944598)	('>50', 2.6315558004980204)	('>100', 1.9403877029752497)	('>500', 0.05780755545200382)	('>1k', 0.0)	('>5k', 0.0)	('>10k+', 0.0)
SRR16683628_1	(1.0, 41.898827762419636)	(2.0, 17.91626514475351)	(3.0, 9.907221322094973)	(4.0, 6.046310231754561)	(5.0, 3.841761893459468)	(6.0, 2.7190468882948857)	(7.0, 1.9518375933816532)	(8.0, 1.4835572053643924)	(9.0, 1.1640233154772435)	('>10', 9.50636731462117)	('>50', 2.2329725711246953)	('>100', 1.3318087572538506)	('>500', 0.0)	('>1k', 0.0)	('>5k', 0.0)	('>10k+', 0.0)
SRR16683628_2	(1.0, 42.464356830607734)	(2.0, 17.905313069344782)	(3.0, 9.88627479155893)	(4.0, 5.788514216528847)	(5.0, 3.7561116882662766)	(6.0, 2.6825181055735428)	(7.0, 1.948099881805583)	(8.0, 1.392362290512138)	(9.0, 1.100980133560831)	('>10', 9.491530749836821)	('>50', 2.21948866405038)	('>100', 1.3011392506792792)	('>500', 0.06331032767478414)	('>1k', 0.0)	('>5k', 0.0)	('>10k+', 0.0)
SRR16683629_1	(1.0, 39.84301612488841)	(2.0, 17.8806311101871)	(3.0, 10.039735879875815)	(4.0, 6.200680920898888)	(5.0, 4.153885740638681)	(6.0, 2.709234767514921)	(7.0, 2.055460080976826)	(8.0, 1.4956906292296421)	(9.0, 1.146121145847001)	('>10', 9.97916992713279)	('>50', 2.546406974107683)	('>100', 1.9120625346587674)	('>500', 0.037904164043475734)	('>1k', 0.0)	('>5k', 0.0)	('>10k+', 0.0)
SRR16683629_2	(1.0, 39.889653974639074)	(2.0, 17.749858950440977)	(3.0, 10.027609299264137)	(4.0, 6.265050973526007)	(5.0, 4.109300354083637)	(6.0, 2.7794073821870593)	(7.0, 2.061219031501473)	(8.0, 1.5249490642373327)	(9.0, 1.1611404673135384)	('>10', 9.84516484518553)	('>50', 2.6634383004906415)	('>100', 1.8430466114975164)	('>500', 0.0)	('>1k', 0.08016074563302007)	('>5k', 0.0)	('>10k+', 0.0)
SRR16683630_1	(1.0, 38.27595316211249)	(2.0, 20.541257035352363)	(3.0, 12.678466483752118)	(4.0, 7.959911324684296)	(5.0, 5.113277986620577)	(6.0, 3.505049062890516)	(7.0, 2.5194298669912825)	(8.0, 1.9129104092382314)	(9.0, 1.4088699347273148)	('>10', 5.888610970268962)	('>50', 0.09931630439395356)	('>100', 0.09694745896786779)	('>500', 0.0)	('>1k', 0.0)	('>5k', 0.0)	('>10k+', 0.0)
SRR16683630_2	(1.0, 39.3045538453746)	(2.0, 20.473373362620677)	(3.0, 12.364691608039402)	(4.0, 7.65623504801773)	(5.0, 5.165684260371834)	(6.0, 3.600124442973931)	(7.0, 2.3940065600932594)	(8.0, 1.7495941098492591)	(9.0, 1.3187345712533016)	('>10', 5.694545655170459)	('>50', 0.13930525173220934)	('>100', 0.08233917386471587)	('>500', 0.05681211063859184)	('>1k', 0.0)	('>5k', 0.0)	('>10k+', 0.0)
SRR16683631_1	(1.0, 35.42247534170937)	(2.0, 18.51505444436039)	(3.0, 12.145241185975731)	(4.0, 7.941438328465375)	(5.0, 5.440978370039751)	(6.0, 3.775620859704688)	(7.0, 2.7961229989136456)	(8.0, 2.102255334425545)	(9.0, 1.5212268544986896)	('>10', 8.955967512123712)	('>50', 0.9939563119743283)	('>100', 0.35943162402118495)	('>500', 0.030230833787672617)	('>1k', 0.0)	('>5k', 0.0)	('>10k+', 0.0)
SRR16683631_2	(1.0, 35.39165704353321)	(2.0, 18.666935160784604)	(3.0, 11.830972468164706)	(4.0, 7.841477855208321)	(5.0, 5.505578264505939)	(6.0, 3.9872721330903707)	(7.0, 2.7760052959412675)	(8.0, 2.1393169578843088)	(9.0, 1.6502282157593042)	('>10', 8.868723453247872)	('>50', 0.9555736659474665)	('>100', 0.32873671663906867)	('>500', 0.0)	('>1k', 0.057522769293547896)	('>5k', 0.0)	('>10k+', 0.0)
SRR16683632_1	(1.0, 44.09864737061089)	(2.0, 20.170150344803563)	(3.0, 11.495121289382778)	(4.0, 6.804731956376867)	(5.0, 4.498862757509999)	(6.0, 2.9553527937927435)	(7.0, 2.117792817403424)	(8.0, 1.4973743934539012)	(9.0, 1.1331271627082695)	('>10', 5.008478023297204)	('>50', 0.13605483217986825)	('>100', 0.08430625848051927)	('>500', 0.0)	('>1k', 0.0)	('>5k', 0.0)	('>10k+', 0.0)
SRR16683632_2	(1.0, 44.0896791133051)	(2.0, 20.474390741070696)	(3.0, 11.312309308195925)	(4.0, 6.815592030274462)	(5.0, 4.3861088606007606)	(6.0, 2.90299290132821)	(7.0, 2.1074468259034465)	(8.0, 1.616681059110316)	(9.0, 1.1242629993215882)	('>10', 4.911081585248974)	('>50', 0.14252247864309742)	('>100', 0.0539686601526893)	('>500', 0.06296343684480418)	('>1k', 0.0)	('>5k', 0.0)	('>10k+', 0.0)
SRR16683633_1	(1.0, 40.891839016667156)	(2.0, 18.585711688824773)	(3.0, 10.965778049953915)	(4.0, 6.751227955958264)	(5.0, 4.40130269125693)	(6.0, 3.1354611384175666)	(7.0, 2.2554917511706014)	(8.0, 1.7854107394606065)	(9.0, 1.3043014945958082)	('>10', 8.716490472965907)	('>50', 0.8626697899793586)	('>100', 0.3443152107492108)	('>500', 0.0)	('>1k', 0.0)	('>5k', 0.0)	('>10k+', 0.0)
SRR16683633_2	(1.0, 40.70643259138508)	(2.0, 18.768482772634094)	(3.0, 11.011808810320806)	(4.0, 6.836888911650341)	(5.0, 4.538081858991893)	(6.0, 3.195921160527955)	(7.0, 2.229832113421105)	(8.0, 1.733627901642751)	(9.0, 1.3729565279466966)	('>10', 8.30910032313005)	('>50', 0.8583523513022662)	('>100', 0.36188534459329363)	('>500', 0.0)	('>1k', 0.0766293324536595)	('>5k', 0.0)	('>10k+', 0.0)
SRR16683634_1	(1.0, 34.80570924870663)	(2.0, 18.19719533714354)	(3.0, 11.921461669084886)	(4.0, 8.082556393706692)	(5.0, 5.684058216221344)	(6.0, 4.026696885169652)	(7.0, 3.0139948705920974)	(8.0, 2.2410913972404933)	(9.0, 1.7706917212082882)	('>10', 9.447696878533462)	('>50', 0.5987129884859957)	('>100', 0.18141017636817083)	('>500', 0.028724217538783344)	('>1k', 0.0)	('>5k', 0.0)	('>10k+', 0.0)
SRR16683634_2	(1.0, 34.80004028046712)	(2.0, 18.277657649812877)	(3.0, 12.029230866015762)	(4.0, 7.936224651697481)	(5.0, 5.656751942338447)	(6.0, 4.184419191194294)	(7.0, 2.9947403269045245)	(8.0, 2.2879787468620276)	(9.0, 1.6907619815116248)	('>10', 9.275108647815134)	('>50', 0.608067771843934)	('>100', 0.181144522884936)	('>500', 0.0)	('>1k', 0.07787342065183306)	('>5k', 0.0)	('>10k+', 0.0)
SRR16683635_1	(1.0, 38.90222414404295)	(2.0, 17.835186897694175)	(3.0, 10.281469165327643)	(4.0, 6.278413904736666)	(5.0, 4.27598776594383)	(6.0, 2.9160872659324824)	(7.0, 2.200909080340506)	(8.0, 1.672357307156257)	(9.0, 1.3111578289837407)	('>10', 9.28909229850933)	('>50', 2.4047230574043423)	('>100', 2.3951412814930513)	('>500', 0.23725000243505728)	('>1k', 0.0)	('>5k', 0.0)	('>10k+', 0.0)
SRR16683635_2	(1.0, 39.11997030652247)	(2.0, 17.884418264158825)	(3.0, 10.365016361676323)	(4.0, 6.3231112288678215)	(5.0, 4.188829572726767)	(6.0, 2.898486732752975)	(7.0, 2.0483504476781835)	(8.0, 1.5887899061551773)	(9.0, 1.2738334547088663)	('>10', 9.261103738149954)	('>50', 2.405490762818977)	('>100', 2.379201655935956)	('>500', 0.19206360107071363)	('>1k', 0.071333966776982)	('>5k', 0.0)	('>10k+', 0.0)
SRR16683636_1	(1.0, 40.028858141749105)	(2.0, 18.586638866455157)	(3.0, 10.46682024985685)	(4.0, 6.6821991178267455)	(5.0, 4.29444104734002)	(6.0, 3.006973247166158)	(7.0, 2.2223888689616835)	(8.0, 1.777483123664475)	(9.0, 1.3129945604533322)	('>10', 9.257915024547911)	('>50', 1.565682160375998)	('>100', 0.7976055916025633)	('>500', 0.0)	('>1k', 0.0)	('>5k', 0.0)	('>10k+', 0.0)
SRR16683636_2	(1.0, 40.365993089248086)	(2.0, 18.144047616230143)	(3.0, 10.747982781736292)	(4.0, 6.614965296238963)	(5.0, 4.3586221528918845)	(6.0, 3.014772584279277)	(7.0, 2.252767417544923)	(8.0, 1.707137527500796)	(9.0, 1.301663218758075)	('>10', 9.047699949090715)	('>50', 1.5558647554764276)	('>100', 0.8085207974269555)	('>500', 0.0)	('>1k', 0.07996281357746572)	('>5k', 0.0)	('>10k+', 0.0)
SRR16683637_1	(1.0, 40.69726576557794)	(2.0, 18.3903063595204)	(3.0, 10.458086317903312)	(4.0, 6.5273271310063965)	(5.0, 4.225588805475288)	(6.0, 2.9911461373955963)	(7.0, 2.192351265654932)	(8.0, 1.5890374437403254)	(9.0, 1.2942738008127057)	('>10', 9.275174521385878)	('>50', 1.5782752164130436)	('>100', 0.7436587789911847)	('>500', 0.037508456123013394)	('>1k', 0.0)	('>5k', 0.0)	('>10k+', 0.0)
SRR16683637_2	(1.0, 41.10482448691478)	(2.0, 18.19466131479945)	(3.0, 10.336748216190514)	(4.0, 6.439682380292827)	(5.0, 4.276596359929394)	(6.0, 2.99333745814745)	(7.0, 2.1147450514915365)	(8.0, 1.6425967986246652)	(9.0, 1.2811128475643896)	('>10', 9.311186516185805)	('>50', 1.4460918113563288)	('>100', 0.8029587027807403)	('>500', 0.0554580557220329)	('>1k', 0.0)	('>5k', 0.0)	('>10k+', 0.0)
SRR16683638_1	(1.0, 44.318091296085164)	(2.0, 19.27942609942321)	(3.0, 10.871673061878283)	(4.0, 6.64337024744258)	(5.0, 4.127181718827033)	(6.0, 2.9304652907794138)	(7.0, 2.0768061436245753)	(8.0, 1.5407199876183642)	(9.0, 1.1841254020906873)	('>10', 6.535143412934673)	('>50', 0.36759216035658754)	('>100', 0.12540517893944794)	('>500', 0.0)	('>1k', 0.0)	('>5k', 0.0)	('>10k+', 0.0)
SRR16683638_2	(1.0, 44.517513036864706)	(2.0, 19.470978974466863)	(3.0, 10.827723222257395)	(4.0, 6.4990309425111015)	(5.0, 4.136954968752222)	(6.0, 2.8365962843335883)	(7.0, 1.9301896787965855)	(8.0, 1.5510329112134214)	(9.0, 1.1395927732695537)	('>10', 6.531474649417543)	('>50', 0.3752836855951527)	('>100', 0.11295563269550898)	('>500', 0.07067323982639839)	('>1k', 0.0)	('>5k', 0.0)	('>10k+', 0.0)
SRR16683639_1	(1.0, 42.63593448192442)	(2.0, 19.199184314273836)	(3.0, 10.599203826677748)	(4.0, 6.580347034304154)	(5.0, 4.310978527689235)	(6.0, 2.9003550567623373)	(7.0, 2.19970314804452)	(8.0, 1.5785086602520038)	(9.0, 1.2631907595436258)	('>10', 7.7632570763204525)	('>50', 0.6527592274443643)	('>100', 0.3165778867633179)	('>500', 0.0)	('>1k', 0.0)	('>5k', 0.0)	('>10k+', 0.0)
SRR16683639_2	(1.0, 42.79417630532447)	(2.0, 19.16274298691243)	(3.0, 10.667373939798663)	(4.0, 6.565371746018532)	(5.0, 4.165130186975372)	(6.0, 2.9205939077640184)	(7.0, 2.17227886389847)	(8.0, 1.5706153015249216)	(9.0, 1.2779453902976463)	('>10', 7.697709234678333)	('>50', 0.667854635079304)	('>100', 0.26763080219613183)	('>500', 0.07057669953169711)	('>1k', 0.0)	('>5k', 0.0)	('>10k+', 0.0)
SRR16683640_1	(1.0, 37.97101170180089)	(2.0, 18.230843312688275)	(3.0, 11.227893321058422)	(4.0, 6.8590121208502)	(5.0, 4.658277478905937)	(6.0, 3.238158526184061)	(7.0, 2.360972296800779)	(8.0, 1.8743509664024258)	(9.0, 1.4495885699025204)	('>10', 9.571439695724958)	('>50', 1.652189866473553)	('>100', 0.8700560669768905)	('>500', 0.03620607623106726)	('>1k', 0.0)	('>5k', 0.0)	('>10k+', 0.0)
SRR16683640_2	(1.0, 38.23033927936696)	(2.0, 18.273708378684532)	(3.0, 10.79025091585039)	(4.0, 6.972195776428888)	(5.0, 4.594711370459614)	(6.0, 3.2670856370533774)	(7.0, 2.4623195224392833)	(8.0, 1.8408333685003737)	(9.0, 1.3846472380983568)	('>10', 9.59360947279852)	('>50', 1.6430060845982368)	('>100', 0.8908199586861686)	('>500', 0.0564729970352725)	('>1k', 0.0)	('>5k', 0.0)	('>10k+', 0.0)
SRR16683642_1	(1.0, 38.709269485216815)	(2.0, 20.232182803958842)	(3.0, 12.322805602391112)	(4.0, 7.792886120169359)	(5.0, 5.189948501801647)	(6.0, 3.626922606042032)	(7.0, 2.6181368994848007)	(8.0, 1.8910300515074974)	(9.0, 1.3578987534278302)	('>10', 6.018530593378749)	('>50', 0.168622234966233)	('>100', 0.07176634765503578)	('>500', 0.0)	('>1k', 0.0)	('>5k', 0.0)	('>10k+', 0.0)
SRR16683642_2	(1.0, 39.449398830982865)	(2.0, 20.304193141125985)	(3.0, 12.172560352663682)	(4.0, 7.710624644817774)	(5.0, 5.138761623921489)	(6.0, 3.4587222865520615)	(7.0, 2.568299190242823)	(8.0, 1.765330133146311)	(9.0, 1.3711987375912758)	('>10', 5.7834724634452055)	('>50', 0.17795361942361615)	('>100', 0.04806287156406448)	('>500', 0.05142210452284318)	('>1k', 0.0)	('>5k', 0.0)	('>10k+', 0.0)
SRR16683726_1	(1.0, 41.2220108718005)	(2.0, 18.834699545064904)	(3.0, 10.74417680296597)	(4.0, 6.662032523141711)	(5.0, 4.422899352024157)	(6.0, 3.031272584081263)	(7.0, 2.17250251278279)	(8.0, 1.5775483983520424)	(9.0, 1.2306126417496615)	('>10', 8.34573369392385)	('>50', 1.1735872437427783)	('>100', 0.5478476068022853)	('>500', 0.035076223568109036)	('>1k', 0.0)	('>5k', 0.0)	('>10k+', 0.0)
SRR16683726_2	(1.0, 41.38798303298629)	(2.0, 18.89038687797604)	(3.0, 10.870035524751001)	(4.0, 6.687812177381201)	(5.0, 4.291822383703794)	(6.0, 3.0088292608021834)	(7.0, 2.046150090357617)	(8.0, 1.5537640669973094)	(9.0, 1.2867418693187744)	('>10', 8.186924968269967)	('>50', 1.2277969098052308)	('>100', 0.5007321920486726)	('>500', 0.06102064560195876)	('>1k', 0.0)	('>5k', 0.0)	('>10k+', 0.0)
SRR16683727_1	(1.0, 46.76648782483748)	(2.0, 20.264048710705158)	(3.0, 10.817314127604247)	(4.0, 6.464878878151804)	(5.0, 4.001670268550974)	(6.0, 2.653842104054664)	(7.0, 1.8040923702505818)	(8.0, 1.4303489931190532)	(9.0, 1.0472000308995322)	('>10', 4.437391215885999)	('>50', 0.19303921300260077)	('>100', 0.119686262937944)	('>500', 0.0)	('>1k', 0.0)	('>5k', 0.0)	('>10k+', 0.0)
SRR16683727_2	(1.0, 47.35052549217348)	(2.0, 20.00365722091308)	(3.0, 10.682132576560148)	(4.0, 6.4082661066425395)	(5.0, 3.9464276567489396)	(6.0, 2.7126951161150057)	(7.0, 1.7874366121287153)	(8.0, 1.4520207997247685)	(9.0, 0.992362236160667)	('>10', 4.3396953758529495)	('>50', 0.1643398681175788)	('>100', 0.0966934455353726)	('>500', 0.06374749332674766)	('>1k', 0.0)	('>5k', 0.0)	('>10k+', 0.0)
SRR16683728_1	(1.0, 43.71677450440016)	(2.0, 18.201024033050523)	(3.0, 9.562089930229051)	(4.0, 5.706013405130322)	(5.0, 3.651091309573585)	(6.0, 2.441169597829051)	(7.0, 1.843910570898613)	(8.0, 1.3466747607214287)	(9.0, 1.0778747303559038)	('>10', 9.110404861999646)	('>50', 2.0733048760917283)	('>100', 1.2210550884462859)	('>500', 0.04861233127368903)	('>1k', 0.0)	('>5k', 0.0)	('>10k+', 0.0)
SRR16683728_2	(1.0, 44.33653407656958)	(2.0, 18.07140380154935)	(3.0, 9.643772000410221)	(4.0, 5.516285609511129)	(5.0, 3.6167272869799927)	(6.0, 2.3025241530785365)	(7.0, 1.7281179694644457)	(8.0, 1.306841460828525)	(9.0, 1.0081033981221947)	('>10', 9.133578818650893)	('>50', 2.151838093701702)	('>100', 1.116783701629187)	('>500', 0.06748962950426214)	('>1k', 0.0)	('>5k', 0.0)	('>10k+', 0.0)
SRR16683729_1	(1.0, 41.126967601129586)	(2.0, 18.74792805099291)	(3.0, 10.621991129866158)	(4.0, 6.75952016079207)	(5.0, 4.544996254137244)	(6.0, 3.1918758256394244)	(7.0, 2.3165589445716854)	(8.0, 1.7470219832423335)	(9.0, 1.3359590888572364)	('>10', 8.489632251346334)	('>50', 0.8126584364634157)	('>100', 0.3048902729616697)	('>500', 0.0)	('>1k', 0.0)	('>5k', 0.0)	('>10k+', 0.0)
SRR16683729_2	(1.0, 41.30819138627324)	(2.0, 18.429879470984016)	(3.0, 10.771710915854202)	(4.0, 6.841389178067268)	(5.0, 4.3657974220474145)	(6.0, 3.15790066105254)	(7.0, 2.3485748939597766)	(8.0, 1.7280311720540578)	(9.0, 1.419693782373781)	('>10', 8.443079432142165)	('>50', 0.8056065629151399)	('>100', 0.30850296354883583)	('>500', 0.07164215872755056)	('>1k', 0.0)	('>5k', 0.0)	('>10k+', 0.0)
SRR16683736_1	(1.0, 38.55311318268326)	(2.0, 20.307440722859248)	(3.0, 12.400227794456011)	(4.0, 7.944904962256624)	(5.0, 5.341975982846399)	(6.0, 3.550397285191144)	(7.0, 2.515811988132524)	(8.0, 1.9206925031688205)	(9.0, 1.36302031265488)	('>10', 5.862430394238575)	('>50', 0.18804876380308816)	('>100', 0.05193610770940512)	('>500', 0.0)	('>1k', 0.0)	('>5k', 0.0)	('>10k+', 0.0)
SRR16683736_2	(1.0, 38.939818488660585)	(2.0, 20.310725663399133)	(3.0, 12.653899810354979)	(4.0, 7.599563377027049)	(5.0, 5.1601075339566265)	(6.0, 3.5565501689547037)	(7.0, 2.5317895496805796)	(8.0, 1.873170488338157)	(9.0, 1.3026783906528598)	('>10', 5.816848204341092)	('>50', 0.15822403880491764)	('>100', 0.04979174249794165)	('>500', 0.046832543331397324)	('>1k', 0.0)	('>5k', 0.0)	('>10k+', 0.0)
SRR16683747_1	(1.0, 38.53175884187429)	(2.0, 20.09346555316429)	(3.0, 12.226652218851717)	(4.0, 7.849275218396974)	(5.0, 5.235161419871175)	(6.0, 3.5802113348315205)	(7.0, 2.5955981675065765)	(8.0, 1.9073667301574961)	(9.0, 1.4448132616287852)	('>10', 6.273604267620074)	('>50', 0.18794759956641943)	('>100', 0.0741453865306678)	('>500', 0.0)	('>1k', 0.0)	('>5k', 0.0)	('>10k+', 0.0)
SRR16683747_2	(1.0, 39.680575952430445)	(2.0, 20.032733005582397)	(3.0, 12.095815030602369)	(4.0, 7.671940495785326)	(5.0, 5.045232090613664)	(6.0, 3.5235159126626203)	(7.0, 2.5160280048348937)	(8.0, 1.8281629479349348)	(9.0, 1.398788274453851)	('>10', 5.9306700647045245)	('>50', 0.16517764881159427)	('>100', 0.05649412675332237)	('>500', 0.05486644483005738)	('>1k', 0.0)	('>5k', 0.0)	('>10k+', 0.0)
SRR16683758_1	(1.0, 39.0538313962356)	(2.0, 20.54398481127377)	(3.0, 12.316704951872785)	(4.0, 7.769149619771561)	(5.0, 5.181888069886437)	(6.0, 3.6552916741176396)	(7.0, 2.4915338632687893)	(8.0, 1.836256018960471)	(9.0, 1.3341031754689285)	('>10', 5.645715877463737)	('>50', 0.10782603236857247)	('>100', 0.06371450931169612)	('>500', 0.0)	('>1k', 0.0)	('>5k', 0.0)	('>10k+', 0.0)
SRR16683758_2	(1.0, 39.35712612960604)	(2.0, 20.342286455596756)	(3.0, 12.458066855326502)	(4.0, 7.82920499988632)	(5.0, 4.960453003802844)	(6.0, 3.520187142465498)	(7.0, 2.5039104118109994)	(8.0, 1.8006082350629355)	(9.0, 1.379072367282831)	('>10', 5.618158879822633)	('>50', 0.13857681245951428)	('>100', 0.041252542973873235)	('>500', 0.0510961639032747)	('>1k', 0.0)	('>5k', 0.0)	('>10k+', 0.0)
SRR16683770_1	(1.0, 40.32088793875831)	(2.0, 20.555622698040867)	(3.0, 12.093777512661939)	(4.0, 7.490522554028126)	(5.0, 5.090727176285932)	(6.0, 3.3826308178834292)	(7.0, 2.366570294107616)	(8.0, 1.77705177043604)	(9.0, 1.2354337673125488)	('>10', 5.481238745023678)	('>50', 0.14861043519670664)	('>100', 0.05692629026480533)	('>500', 0.0)	('>1k', 0.0)	('>5k', 0.0)	('>10k+', 0.0)
SRR16683770_2	(1.0, 41.433378285991424)	(2.0, 20.293651056135538)	(3.0, 11.990638912982899)	(4.0, 7.40407600231749)	(5.0, 4.718661449173039)	(6.0, 3.403465877180604)	(7.0, 2.2166163892474)	(8.0, 1.726902823620774)	(9.0, 1.2590319510802872)	('>10', 5.295116319317769)	('>50', 0.15335774204387798)	('>100', 0.049029179780811914)	('>500', 0.056074011128127425)	('>1k', 0.0)	('>5k', 0.0)	('>10k+', 0.0)
SRR16683781_1	(1.0, 39.421402521265605)	(2.0, 19.647650859163175)	(3.0, 11.497573771433272)	(4.0, 7.331552363449618)	(5.0, 4.85736440332325)	(6.0, 3.346910750013811)	(7.0, 2.484026858453945)	(8.0, 1.8706986335447207)	(9.0, 1.4076260628002377)	('>10', 7.367860222662616)	('>50', 0.5554465965143326)	('>100', 0.21188695737535507)	('>500', 0.0)	('>1k', 0.0)	('>5k', 0.0)	('>10k+', 0.0)
SRR16683781_2	(1.0, 40.054729778614686)	(2.0, 19.656959804496353)	(3.0, 11.672295655774718)	(4.0, 7.295018725519914)	(5.0, 4.751334547625812)	(6.0, 3.244179090576274)	(7.0, 2.3660922553437778)	(8.0, 1.7790712073602177)	(9.0, 1.3695966906731667)	('>10', 7.048489565894325)	('>50', 0.5199631895793856)	('>100', 0.1944671194196549)	('>500', 0.047802369121728715)	('>1k', 0.0)	('>5k', 0.0)	('>10k+', 0.0)
SRR16683792_1	(1.0, 37.49758201714253)	(2.0, 20.555557377358628)	(3.0, 12.547044737629312)	(4.0, 8.12411064846008)	(5.0, 5.49991352502901)	(6.0, 3.7562893384330778)	(7.0, 2.598045089076744)	(8.0, 1.996021869662913)	(9.0, 1.4202721571076078)	('>10', 5.835444977903264)	('>50', 0.11592499621047188)	('>100', 0.05379326598636395)	('>500', 0.0)	('>1k', 0.0)	('>5k', 0.0)	('>10k+', 0.0)
SRR16683792_2	(1.0, 38.12918306414434)	(2.0, 20.680959234935745)	(3.0, 12.73478185960456)	(4.0, 7.967019132632464)	(5.0, 5.329115140450994)	(6.0, 3.658479130466399)	(7.0, 2.6243310654124343)	(8.0, 1.8311564576054076)	(9.0, 1.392239396439415)	('>10', 5.422366203918819)	('>50', 0.14114238040590843)	('>100', 0.04445470020530082)	('>500', 0.04477223377819583)	('>1k', 0.0)	('>5k', 0.0)	('>10k+', 0.0)
SRR16683803_1	(1.0, 36.92758506220456)	(2.0, 19.87860422850507)	(3.0, 12.30454782943015)	(4.0, 7.9335161201948585)	(5.0, 5.363206429651845)	(6.0, 3.638875609167113)	(7.0, 2.7588292690656995)	(8.0, 2.061581999636739)	(9.0, 1.5990465854905909)	('>10', 7.184436634758147)	('>50', 0.26551751537555357)	('>100', 0.08425271651963144)	('>500', 0.0)	('>1k', 0.0)	('>5k', 0.0)	('>10k+', 0.0)
SRR16683803_2	(1.0, 37.92193612060897)	(2.0, 19.67731788574325)	(3.0, 12.120882292868329)	(4.0, 7.7193025350480475)	(5.0, 5.350889377610499)	(6.0, 3.757677190424727)	(7.0, 2.6168646701003726)	(8.0, 1.947646191045942)	(9.0, 1.5348497393299037)	('>10', 6.980954508544499)	('>50', 0.2631389047279876)	('>100', 0.05502317463698153)	('>500', 0.0535174093105419)	('>1k', 0.0)	('>5k', 0.0)	('>10k+', 0.0)
SRR16683814_1	(1.0, 36.79607836595936)	(2.0, 19.749263367188803)	(3.0, 12.496160942396493)	(4.0, 8.018011246871627)	(5.0, 5.469882285928778)	(6.0, 3.8955334414464033)	(7.0, 2.7827737983053598)	(8.0, 2.107247213737364)	(9.0, 1.543369289590508)	('>10', 6.900412874666618)	('>50', 0.18151399686277167)	('>100', 0.05975317704589585)	('>500', 0.0)	('>1k', 0.0)	('>5k', 0.0)	('>10k+', 0.0)
SRR16683814_2	(1.0, 37.523471405567435)	(2.0, 19.944004863089283)	(3.0, 12.332739186892924)	(4.0, 8.037708728171173)	(5.0, 5.423371318292934)	(6.0, 3.805061958946144)	(7.0, 2.6615071079869326)	(8.0, 1.9925150422745426)	(9.0, 1.509775513735628)	('>10', 6.499086795236421)	('>50', 0.15086890339607784)	('>100', 0.05484973490953206)	('>500', 0.0)	('>1k', 0.06503944150100564)	('>5k', 0.0)	('>10k+', 0.0)
