Sample	0	1	2	3	4	5	6	7	8	9	10	11	12	13	14	15	16	17	18	19	20	21	22
SRR16683517_1	(35, 1760.0)	(40, 2167.0)	(45, 3342.0)	(50, 4253.0)	(55, 5496.0)	(60, 6564.0)	(65, 8034.0)	(70, 9271.0)	(75, 10744.0)	(80, 12472.0)	(85, 13792.0)	(90, 15493.0)	(95, 17089.0)	(100, 18884.0)	(105, 20107.0)	(110, 21946.0)	(115, 22608.0)	(120, 24254.0)	(125, 24911.0)	(130, 25937.0)	(135, 26606.0)	(140, 28116.0)	(145, 1060221.0)
SRR16683517_2	(35, 1717.0)	(40, 2145.0)	(45, 3307.0)	(50, 4227.0)	(55, 5452.0)	(60, 6529.0)	(65, 8021.0)	(70, 9217.0)	(75, 10717.0)	(80, 12401.0)	(85, 13756.0)	(90, 15424.0)	(95, 17021.0)	(100, 18789.0)	(105, 20001.0)	(110, 21839.0)	(115, 22526.0)	(120, 24176.0)	(125, 24867.0)	(130, 25843.0)	(135, 26513.0)	(140, 28246.0)	(145, 1061333.0)
SRR16683518_1	(35, 3373.0)	(40, 3537.0)	(45, 5115.0)	(50, 6749.0)	(55, 8697.0)	(60, 10377.0)	(65, 12471.0)	(70, 14710.0)	(75, 16141.0)	(80, 18580.0)	(85, 20398.0)	(90, 22949.0)	(95, 24558.0)	(100, 27280.0)	(105, 28836.0)	(110, 31044.0)	(115, 32115.0)	(120, 34127.0)	(125, 35137.0)	(130, 36433.0)	(135, 37752.0)	(140, 38983.0)	(145, 1235254.0)
SRR16683518_2	(35, 3342.0)	(40, 3527.0)	(45, 5115.0)	(50, 6733.0)	(55, 8659.0)	(60, 10372.0)	(65, 12449.0)	(70, 14697.0)	(75, 16119.0)	(80, 18581.0)	(85, 20370.0)	(90, 22967.0)	(95, 24535.0)	(100, 27234.0)	(105, 28831.0)	(110, 31017.0)	(115, 32102.0)	(120, 34113.0)	(125, 35131.0)	(130, 36508.0)	(135, 37716.0)	(140, 39184.0)	(145, 1235314.0)
SRR16683519_1	(35, 5850.0)	(40, 6420.0)	(45, 9165.0)	(50, 11170.0)	(55, 14395.0)	(60, 16928.0)	(65, 19746.0)	(70, 22850.0)	(75, 25256.0)	(80, 28695.0)	(85, 30735.0)	(90, 33664.0)	(95, 35546.0)	(100, 38598.0)	(105, 39600.0)	(110, 41337.0)	(115, 41865.0)	(120, 43055.0)	(125, 43156.0)	(130, 43394.0)	(135, 43612.0)	(140, 43711.0)	(145, 1128233.0)
SRR16683519_2	(35, 5766.0)	(40, 6383.0)	(45, 9118.0)	(50, 11119.0)	(55, 14361.0)	(60, 16880.0)	(65, 19722.0)	(70, 22784.0)	(75, 25209.0)	(80, 28637.0)	(85, 30649.0)	(90, 33607.0)	(95, 35519.0)	(100, 38547.0)	(105, 39573.0)	(110, 41261.0)	(115, 41760.0)	(120, 43002.0)	(125, 43137.0)	(130, 43468.0)	(135, 43559.0)	(140, 44009.0)	(145, 1128911.0)
SRR16683520_1	(35, 4680.0)	(40, 5463.0)	(45, 8156.0)	(50, 9863.0)	(55, 12641.0)	(60, 14711.0)	(65, 17326.0)	(70, 19504.0)	(75, 21799.0)	(80, 24448.0)	(85, 26227.0)	(90, 28833.0)	(95, 30165.0)	(100, 32341.0)	(105, 33633.0)	(110, 35577.0)	(115, 36141.0)	(120, 37605.0)	(125, 37779.0)	(130, 38327.0)	(135, 38262.0)	(140, 39166.0)	(145, 1168653.0)
SRR16683520_2	(35, 4627.0)	(40, 5431.0)	(45, 8125.0)	(50, 9817.0)	(55, 12601.0)	(60, 14672.0)	(65, 17255.0)	(70, 19447.0)	(75, 21722.0)	(80, 24421.0)	(85, 26162.0)	(90, 28736.0)	(95, 30113.0)	(100, 32220.0)	(105, 33564.0)	(110, 35498.0)	(115, 36076.0)	(120, 37557.0)	(125, 37735.0)	(130, 38258.0)	(135, 38144.0)	(140, 39146.0)	(145, 1169973.0)
SRR16683521_1	(35, 3828.0)	(40, 4316.0)	(45, 6476.0)	(50, 8105.0)	(55, 10541.0)	(60, 12724.0)	(65, 14920.0)	(70, 17858.0)	(75, 20269.0)	(80, 23081.0)	(85, 25074.0)	(90, 27558.0)	(95, 29392.0)	(100, 31971.0)	(105, 33216.0)	(110, 35166.0)	(115, 35314.0)	(120, 36261.0)	(125, 36879.0)	(130, 37110.0)	(135, 37417.0)	(140, 37576.0)	(145, 1056925.0)
SRR16683521_2	(35, 3746.0)	(40, 4313.0)	(45, 6467.0)	(50, 8087.0)	(55, 10523.0)	(60, 12686.0)	(65, 14888.0)	(70, 17810.0)	(75, 20227.0)	(80, 22991.0)	(85, 25039.0)	(90, 27497.0)	(95, 29386.0)	(100, 31908.0)	(105, 33144.0)	(110, 35037.0)	(115, 35329.0)	(120, 36206.0)	(125, 36893.0)	(130, 37109.0)	(135, 37373.0)	(140, 37768.0)	(145, 1057550.0)
SRR16683522_1	(35, 8162.0)	(40, 8206.0)	(45, 10999.0)	(50, 13586.0)	(55, 17545.0)	(60, 20793.0)	(65, 24388.0)	(70, 28092.0)	(75, 31295.0)	(80, 35294.0)	(85, 37759.0)	(90, 41353.0)	(95, 43679.0)	(100, 46329.0)	(105, 47535.0)	(110, 49113.0)	(115, 49920.0)	(120, 50402.0)	(125, 50601.0)	(130, 50197.0)	(135, 50037.0)	(140, 49407.0)	(145, 1149606.0)
SRR16683522_2	(35, 8095.0)	(40, 8166.0)	(45, 10971.0)	(50, 13531.0)	(55, 17484.0)	(60, 20747.0)	(65, 24306.0)	(70, 27989.0)	(75, 31215.0)	(80, 35225.0)	(85, 37603.0)	(90, 41214.0)	(95, 43548.0)	(100, 46191.0)	(105, 47378.0)	(110, 48941.0)	(115, 49761.0)	(120, 50322.0)	(125, 50522.0)	(130, 50133.0)	(135, 49962.0)	(140, 49557.0)	(145, 1151437.0)
SRR16683523_1	(35, 4799.0)	(40, 5176.0)	(45, 7444.0)	(50, 9228.0)	(55, 11994.0)	(60, 14312.0)	(65, 16473.0)	(70, 19143.0)	(75, 21674.0)	(80, 24995.0)	(85, 27196.0)	(90, 29721.0)	(95, 31808.0)	(100, 33769.0)	(105, 34882.0)	(110, 36970.0)	(115, 37579.0)	(120, 38184.0)	(125, 38836.0)	(130, 38907.0)	(135, 39107.0)	(140, 39068.0)	(145, 1108841.0)
SRR16683523_2	(35, 4731.0)	(40, 5125.0)	(45, 7417.0)	(50, 9209.0)	(55, 11982.0)	(60, 14269.0)	(65, 16442.0)	(70, 19064.0)	(75, 21622.0)	(80, 24914.0)	(85, 27142.0)	(90, 29591.0)	(95, 31698.0)	(100, 33656.0)	(105, 34801.0)	(110, 36880.0)	(115, 37523.0)	(120, 38160.0)	(125, 38761.0)	(130, 38925.0)	(135, 39009.0)	(140, 39098.0)	(145, 1110087.0)
SRR16683553_1	(35, 3514.0)	(40, 3776.0)	(45, 5306.0)	(50, 6529.0)	(55, 8405.0)	(60, 10034.0)	(65, 11302.0)	(70, 13507.0)	(75, 15183.0)	(80, 17397.0)	(85, 19180.0)	(90, 21784.0)	(95, 23321.0)	(100, 25937.0)	(105, 27565.0)	(110, 29457.0)	(115, 31098.0)	(120, 32934.0)	(125, 33944.0)	(130, 34972.0)	(135, 36572.0)	(140, 37418.0)	(145, 1181663.0)
SRR16683553_2	(35, 3463.0)	(40, 3758.0)	(45, 5271.0)	(50, 6511.0)	(55, 8387.0)	(60, 9987.0)	(65, 11261.0)	(70, 13432.0)	(75, 15121.0)	(80, 17340.0)	(85, 19147.0)	(90, 21653.0)	(95, 23292.0)	(100, 25943.0)	(105, 27480.0)	(110, 29337.0)	(115, 31043.0)	(120, 32855.0)	(125, 33824.0)	(130, 34922.0)	(135, 36505.0)	(140, 37428.0)	(145, 1182838.0)
SRR16683554_1	(35, 2323.0)	(40, 2547.0)	(45, 3665.0)	(50, 4669.0)	(55, 5931.0)	(60, 7063.0)	(65, 8161.0)	(70, 9681.0)	(75, 11089.0)	(80, 12548.0)	(85, 14251.0)	(90, 15977.0)	(95, 17528.0)	(100, 19058.0)	(105, 20701.0)	(110, 22842.0)	(115, 23749.0)	(120, 25319.0)	(125, 26799.0)	(130, 28034.0)	(135, 29264.0)	(140, 30729.0)	(145, 1140630.0)
SRR16683554_2	(35, 2283.0)	(40, 2530.0)	(45, 3640.0)	(50, 4639.0)	(55, 5916.0)	(60, 7049.0)	(65, 8164.0)	(70, 9664.0)	(75, 11091.0)	(80, 12496.0)	(85, 14200.0)	(90, 15959.0)	(95, 17526.0)	(100, 19040.0)	(105, 20645.0)	(110, 22820.0)	(115, 23737.0)	(120, 25326.0)	(125, 26790.0)	(130, 27996.0)	(135, 29218.0)	(140, 30962.0)	(145, 1140867.0)
SRR16683555_1	(35, 3352.0)	(40, 3429.0)	(45, 5091.0)	(50, 6112.0)	(55, 7922.0)	(60, 9458.0)	(65, 10993.0)	(70, 13153.0)	(75, 14554.0)	(80, 17185.0)	(85, 18522.0)	(90, 20711.0)	(95, 22170.0)	(100, 24715.0)	(105, 27015.0)	(110, 28581.0)	(115, 30419.0)	(120, 32099.0)	(125, 32976.0)	(130, 34633.0)	(135, 35395.0)	(140, 36530.0)	(145, 1193822.0)
SRR16683555_2	(35, 3295.0)	(40, 3402.0)	(45, 5065.0)	(50, 6086.0)	(55, 7912.0)	(60, 9432.0)	(65, 10970.0)	(70, 13120.0)	(75, 14533.0)	(80, 17157.0)	(85, 18433.0)	(90, 20654.0)	(95, 22119.0)	(100, 24678.0)	(105, 26945.0)	(110, 28508.0)	(115, 30391.0)	(120, 32070.0)	(125, 32903.0)	(130, 34604.0)	(135, 35368.0)	(140, 36683.0)	(145, 1194509.0)
SRR16683556_1	(35, 2317.0)	(40, 2735.0)	(45, 4255.0)	(50, 5628.0)	(55, 7317.0)	(60, 8920.0)	(65, 10913.0)	(70, 12762.0)	(75, 14469.0)	(80, 16820.0)	(85, 18233.0)	(90, 20285.0)	(95, 21844.0)	(100, 23926.0)	(105, 24877.0)	(110, 26315.0)	(115, 27062.0)	(120, 28181.0)	(125, 28472.0)	(130, 29130.0)	(135, 29709.0)	(140, 30140.0)	(145, 967769.0)
SRR16683556_2	(35, 2284.0)	(40, 2728.0)	(45, 4249.0)	(50, 5627.0)	(55, 7299.0)	(60, 8922.0)	(65, 10916.0)	(70, 12735.0)	(75, 14468.0)	(80, 16787.0)	(85, 18217.0)	(90, 20268.0)	(95, 21837.0)	(100, 23860.0)	(105, 24873.0)	(110, 26359.0)	(115, 27089.0)	(120, 28218.0)	(125, 28490.0)	(130, 29196.0)	(135, 29679.0)	(140, 30320.0)	(145, 967658.0)
SRR16683557_1	(35, 3770.0)	(40, 4238.0)	(45, 6148.0)	(50, 7627.0)	(55, 9910.0)	(60, 11644.0)	(65, 13717.0)	(70, 15855.0)	(75, 17944.0)	(80, 20253.0)	(85, 22010.0)	(90, 24438.0)	(95, 25871.0)	(100, 27649.0)	(105, 28961.0)	(110, 30405.0)	(115, 30984.0)	(120, 31913.0)	(125, 32301.0)	(130, 32937.0)	(135, 32874.0)	(140, 33868.0)	(145, 1024458.0)
SRR16683557_2	(35, 3707.0)	(40, 4223.0)	(45, 6125.0)	(50, 7602.0)	(55, 9891.0)	(60, 11602.0)	(65, 13688.0)	(70, 15803.0)	(75, 17842.0)	(80, 20194.0)	(85, 21962.0)	(90, 24359.0)	(95, 25802.0)	(100, 27581.0)	(105, 28865.0)	(110, 30334.0)	(115, 30930.0)	(120, 31833.0)	(125, 32268.0)	(130, 32932.0)	(135, 32800.0)	(140, 34010.0)	(145, 1025422.0)
SRR16683558_1	(35, 7357.0)	(40, 8247.0)	(45, 11535.0)	(50, 14261.0)	(55, 17979.0)	(60, 21329.0)	(65, 24671.0)	(70, 28524.0)	(75, 30925.0)	(80, 34716.0)	(85, 36168.0)	(90, 39168.0)	(95, 40233.0)	(100, 42212.0)	(105, 42368.0)	(110, 43627.0)	(115, 43554.0)	(120, 43743.0)	(125, 43181.0)	(130, 42865.0)	(135, 42774.0)	(140, 41900.0)	(145, 1178756.0)
SRR16683558_2	(35, 7247.0)	(40, 8196.0)	(45, 11470.0)	(50, 14164.0)	(55, 17893.0)	(60, 21239.0)	(65, 24585.0)	(70, 28400.0)	(75, 30780.0)	(80, 34567.0)	(85, 36022.0)	(90, 38996.0)	(95, 40109.0)	(100, 42045.0)	(105, 42199.0)	(110, 43456.0)	(115, 43414.0)	(120, 43577.0)	(125, 43048.0)	(130, 42793.0)	(135, 42605.0)	(140, 41847.0)	(145, 1181441.0)
SRR16683559_1	(35, 2072.0)	(40, 2664.0)	(45, 3713.0)	(50, 5051.0)	(55, 6569.0)	(60, 7819.0)	(65, 9335.0)	(70, 10795.0)	(75, 12505.0)	(80, 14509.0)	(85, 15990.0)	(90, 17860.0)	(95, 19541.0)	(100, 21241.0)	(105, 22999.0)	(110, 24209.0)	(115, 25316.0)	(120, 26744.0)	(125, 27974.0)	(130, 28645.0)	(135, 29533.0)	(140, 30843.0)	(145, 1030531.0)
SRR16683559_2	(35, 2025.0)	(40, 2655.0)	(45, 3698.0)	(50, 5031.0)	(55, 6535.0)	(60, 7771.0)	(65, 9314.0)	(70, 10782.0)	(75, 12466.0)	(80, 14420.0)	(85, 15881.0)	(90, 17758.0)	(95, 19446.0)	(100, 21114.0)	(105, 22898.0)	(110, 24092.0)	(115, 25216.0)	(120, 26650.0)	(125, 27859.0)	(130, 28618.0)	(135, 29448.0)	(140, 30803.0)	(145, 1031978.0)
SRR16683560_1	(35, 1373.0)	(40, 1557.0)	(45, 2512.0)	(50, 3551.0)	(55, 4647.0)	(60, 5832.0)	(65, 6964.0)	(70, 8210.0)	(75, 9495.0)	(80, 11259.0)	(85, 12345.0)	(90, 14327.0)	(95, 15315.0)	(100, 17635.0)	(105, 18808.0)	(110, 20680.0)	(115, 21402.0)	(120, 23422.0)	(125, 24192.0)	(130, 25634.0)	(135, 26294.0)	(140, 27880.0)	(145, 1145155.0)
SRR16683560_2	(35, 1343.0)	(40, 1545.0)	(45, 2508.0)	(50, 3550.0)	(55, 4636.0)	(60, 5819.0)	(65, 6955.0)	(70, 8182.0)	(75, 9480.0)	(80, 11220.0)	(85, 12363.0)	(90, 14290.0)	(95, 15308.0)	(100, 17578.0)	(105, 18811.0)	(110, 20660.0)	(115, 21394.0)	(120, 23411.0)	(125, 24184.0)	(130, 25659.0)	(135, 26327.0)	(140, 28082.0)	(145, 1145184.0)
SRR16683561_1	(35, 4004.0)	(40, 4483.0)	(45, 6411.0)	(50, 8144.0)	(55, 10719.0)	(60, 13123.0)	(65, 15372.0)	(70, 18062.0)	(75, 20407.0)	(80, 23096.0)	(85, 24703.0)	(90, 27783.0)	(95, 29455.0)	(100, 32305.0)	(105, 33359.0)	(110, 35360.0)	(115, 35666.0)	(120, 37197.0)	(125, 38194.0)	(130, 38389.0)	(135, 39304.0)	(140, 39392.0)	(145, 1195799.0)
SRR16683561_2	(35, 3883.0)	(40, 4474.0)	(45, 6387.0)	(50, 8107.0)	(55, 10722.0)	(60, 13112.0)	(65, 15370.0)	(70, 18053.0)	(75, 20376.0)	(80, 23063.0)	(85, 24691.0)	(90, 27771.0)	(95, 29430.0)	(100, 32300.0)	(105, 33352.0)	(110, 35330.0)	(115, 35671.0)	(120, 37292.0)	(125, 38262.0)	(130, 38481.0)	(135, 39317.0)	(140, 39802.0)	(145, 1195481.0)
SRR16683562_1	(35, 8817.0)	(40, 8745.0)	(45, 11626.0)	(50, 14181.0)	(55, 18168.0)	(60, 21912.0)	(65, 24854.0)	(70, 28801.0)	(75, 31573.0)	(80, 35924.0)	(85, 37673.0)	(90, 41074.0)	(95, 43168.0)	(100, 45227.0)	(105, 46036.0)	(110, 47884.0)	(115, 47768.0)	(120, 48551.0)	(125, 48765.0)	(130, 47764.0)	(135, 47814.0)	(140, 46999.0)	(145, 1144849.0)
SRR16683562_2	(35, 8721.0)	(40, 8717.0)	(45, 11573.0)	(50, 14116.0)	(55, 18100.0)	(60, 21806.0)	(65, 24788.0)	(70, 28734.0)	(75, 31463.0)	(80, 35845.0)	(85, 37540.0)	(90, 40935.0)	(95, 42978.0)	(100, 45033.0)	(105, 45847.0)	(110, 47735.0)	(115, 47688.0)	(120, 48505.0)	(125, 48539.0)	(130, 47710.0)	(135, 47652.0)	(140, 47026.0)	(145, 1147122.0)
SRR16683564_1	(35, 3339.0)	(40, 4110.0)	(45, 6336.0)	(50, 7999.0)	(55, 10707.0)	(60, 12764.0)	(65, 14867.0)	(70, 17274.0)	(75, 19710.0)	(80, 22232.0)	(85, 24300.0)	(90, 26637.0)	(95, 28737.0)	(100, 30661.0)	(105, 32585.0)	(110, 33830.0)	(115, 35198.0)	(120, 35871.0)	(125, 36823.0)	(130, 37765.0)	(135, 37435.0)	(140, 38661.0)	(145, 1219053.0)
SRR16683564_2	(35, 3263.0)	(40, 4079.0)	(45, 6303.0)	(50, 7982.0)	(55, 10671.0)	(60, 12733.0)	(65, 14822.0)	(70, 17253.0)	(75, 19665.0)	(80, 22203.0)	(85, 24262.0)	(90, 26563.0)	(95, 28644.0)	(100, 30607.0)	(105, 32434.0)	(110, 33745.0)	(115, 35135.0)	(120, 35844.0)	(125, 36799.0)	(130, 37726.0)	(135, 37416.0)	(140, 38979.0)	(145, 1219766.0)
SRR16683565_1	(35, 4640.0)	(40, 5276.0)	(45, 7706.0)	(50, 9450.0)	(55, 12689.0)	(60, 14820.0)	(65, 17412.0)	(70, 20284.0)	(75, 22689.0)	(80, 25865.0)	(85, 27742.0)	(90, 31359.0)	(95, 32555.0)	(100, 35204.0)	(105, 36271.0)	(110, 38057.0)	(115, 39124.0)	(120, 39606.0)	(125, 39752.0)	(130, 39975.0)	(135, 40156.0)	(140, 40533.0)	(145, 1151679.0)
SRR16683565_2	(35, 4595.0)	(40, 5275.0)	(45, 7686.0)	(50, 9417.0)	(55, 12656.0)	(60, 14779.0)	(65, 17361.0)	(70, 20265.0)	(75, 22630.0)	(80, 25776.0)	(85, 27715.0)	(90, 31246.0)	(95, 32458.0)	(100, 35131.0)	(105, 36245.0)	(110, 38007.0)	(115, 39066.0)	(120, 39549.0)	(125, 39629.0)	(130, 39861.0)	(135, 40129.0)	(140, 40897.0)	(145, 1152471.0)
SRR16683566_1	(35, 3281.0)	(40, 4080.0)	(45, 6184.0)	(50, 7869.0)	(55, 10793.0)	(60, 12856.0)	(65, 15378.0)	(70, 18370.0)	(75, 20568.0)	(80, 23723.0)	(85, 25069.0)	(90, 28656.0)	(95, 30005.0)	(100, 32796.0)	(105, 33409.0)	(110, 35616.0)	(115, 35881.0)	(120, 37057.0)	(125, 37534.0)	(130, 37802.0)	(135, 37745.0)	(140, 37983.0)	(145, 1147071.0)
SRR16683566_2	(35, 3230.0)	(40, 4055.0)	(45, 6163.0)	(50, 7866.0)	(55, 10762.0)	(60, 12836.0)	(65, 15362.0)	(70, 18289.0)	(75, 20529.0)	(80, 23695.0)	(85, 25001.0)	(90, 28591.0)	(95, 29929.0)	(100, 32725.0)	(105, 33379.0)	(110, 35623.0)	(115, 35892.0)	(120, 37046.0)	(125, 37464.0)	(130, 37827.0)	(135, 37722.0)	(140, 38279.0)	(145, 1147461.0)
SRR16683567_1	(35, 5353.0)	(40, 5934.0)	(45, 8041.0)	(50, 10149.0)	(55, 12976.0)	(60, 15392.0)	(65, 17993.0)	(70, 21310.0)	(75, 23476.0)	(80, 26608.0)	(85, 28937.0)	(90, 32075.0)	(95, 33913.0)	(100, 36447.0)	(105, 38381.0)	(110, 40062.0)	(115, 41563.0)	(120, 42854.0)	(125, 43512.0)	(130, 43972.0)	(135, 44920.0)	(140, 45019.0)	(145, 1294615.0)
SRR16683567_2	(35, 5269.0)	(40, 5903.0)	(45, 8011.0)	(50, 10108.0)	(55, 12924.0)	(60, 15364.0)	(65, 17943.0)	(70, 21237.0)	(75, 23417.0)	(80, 26548.0)	(85, 28858.0)	(90, 31979.0)	(95, 33825.0)	(100, 36360.0)	(105, 38316.0)	(110, 39978.0)	(115, 41449.0)	(120, 42799.0)	(125, 43375.0)	(130, 43911.0)	(135, 44899.0)	(140, 45328.0)	(145, 1295701.0)
SRR16683568_1	(35, 7852.0)	(40, 8502.0)	(45, 11949.0)	(50, 14528.0)	(55, 18624.0)	(60, 22422.0)	(65, 25986.0)	(70, 30380.0)	(75, 33235.0)	(80, 37026.0)	(85, 38575.0)	(90, 42080.0)	(95, 43490.0)	(100, 45293.0)	(105, 46144.0)	(110, 46812.0)	(115, 46362.0)	(120, 46436.0)	(125, 45779.0)	(130, 45209.0)	(135, 44281.0)	(140, 43426.0)	(145, 1086132.0)
SRR16683568_2	(35, 7769.0)	(40, 8461.0)	(45, 11904.0)	(50, 14469.0)	(55, 18572.0)	(60, 22336.0)	(65, 25926.0)	(70, 30310.0)	(75, 33173.0)	(80, 36974.0)	(85, 38510.0)	(90, 41994.0)	(95, 43395.0)	(100, 45221.0)	(105, 46113.0)	(110, 46749.0)	(115, 46292.0)	(120, 46356.0)	(125, 45820.0)	(130, 45154.0)	(135, 44181.0)	(140, 43524.0)	(145, 1087320.0)
SRR16683569_1	(35, 4688.0)	(40, 4726.0)	(45, 6814.0)	(50, 8169.0)	(55, 10462.0)	(60, 12432.0)	(65, 14052.0)	(70, 17064.0)	(75, 18705.0)	(80, 21725.0)	(85, 23402.0)	(90, 25522.0)	(95, 27479.0)	(100, 29774.0)	(105, 31451.0)	(110, 32867.0)	(115, 33972.0)	(120, 35211.0)	(125, 35516.0)	(130, 36344.0)	(135, 36784.0)	(140, 36662.0)	(145, 1097219.0)
SRR16683569_2	(35, 4592.0)	(40, 4704.0)	(45, 6788.0)	(50, 8130.0)	(55, 10425.0)	(60, 12371.0)	(65, 13996.0)	(70, 16994.0)	(75, 18626.0)	(80, 21642.0)	(85, 23319.0)	(90, 25422.0)	(95, 27364.0)	(100, 29662.0)	(105, 31306.0)	(110, 32803.0)	(115, 33868.0)	(120, 35130.0)	(125, 35407.0)	(130, 36239.0)	(135, 36651.0)	(140, 36804.0)	(145, 1098797.0)
SRR16683570_1	(35, 4815.0)	(40, 5428.0)	(45, 7845.0)	(50, 9597.0)	(55, 12369.0)	(60, 14219.0)	(65, 16577.0)	(70, 19400.0)	(75, 21480.0)	(80, 24376.0)	(85, 26420.0)	(90, 29259.0)	(95, 30482.0)	(100, 33299.0)	(105, 34581.0)	(110, 36611.0)	(115, 37303.0)	(120, 38272.0)	(125, 38407.0)	(130, 39325.0)	(135, 39560.0)	(140, 40018.0)	(145, 1254697.0)
SRR16683570_2	(35, 4716.0)	(40, 5396.0)	(45, 7794.0)	(50, 9554.0)	(55, 12301.0)	(60, 14182.0)	(65, 16557.0)	(70, 19332.0)	(75, 21436.0)	(80, 24317.0)	(85, 26298.0)	(90, 29192.0)	(95, 30353.0)	(100, 33175.0)	(105, 34465.0)	(110, 36538.0)	(115, 37176.0)	(120, 38163.0)	(125, 38296.0)	(130, 39315.0)	(135, 39491.0)	(140, 40182.0)	(145, 1256111.0)
SRR16683571_1	(35, 1605.0)	(40, 1867.0)	(45, 2855.0)	(50, 3542.0)	(55, 5055.0)	(60, 5892.0)	(65, 6940.0)	(70, 8246.0)	(75, 9612.0)	(80, 10910.0)	(85, 12056.0)	(90, 13640.0)	(95, 14603.0)	(100, 16709.0)	(105, 17809.0)	(110, 19377.0)	(115, 20310.0)	(120, 22145.0)	(125, 22934.0)	(130, 24201.0)	(135, 25235.0)	(140, 27400.0)	(145, 1142605.0)
SRR16683571_2	(35, 1593.0)	(40, 1864.0)	(45, 2848.0)	(50, 3524.0)	(55, 5035.0)	(60, 5860.0)	(65, 6908.0)	(70, 8230.0)	(75, 9589.0)	(80, 10840.0)	(85, 11996.0)	(90, 13594.0)	(95, 14557.0)	(100, 16646.0)	(105, 17784.0)	(110, 19287.0)	(115, 20337.0)	(120, 22048.0)	(125, 22861.0)	(130, 24111.0)	(135, 25131.0)	(140, 27499.0)	(145, 1143406.0)
SRR16683572_1	(35, 5845.0)	(40, 6318.0)	(45, 9250.0)	(50, 11228.0)	(55, 14524.0)	(60, 16711.0)	(65, 19509.0)	(70, 22473.0)	(75, 24587.0)	(80, 27455.0)	(85, 28930.0)	(90, 31510.0)	(95, 32521.0)	(100, 34318.0)	(105, 35172.0)	(110, 36507.0)	(115, 35847.0)	(120, 36896.0)	(125, 36421.0)	(130, 36507.0)	(135, 36604.0)	(140, 36672.0)	(145, 1041702.0)
SRR16683572_2	(35, 5813.0)	(40, 6280.0)	(45, 9232.0)	(50, 11172.0)	(55, 14487.0)	(60, 16631.0)	(65, 19447.0)	(70, 22415.0)	(75, 24571.0)	(80, 27382.0)	(85, 28844.0)	(90, 31425.0)	(95, 32415.0)	(100, 34219.0)	(105, 35079.0)	(110, 36448.0)	(115, 35821.0)	(120, 36865.0)	(125, 36408.0)	(130, 36482.0)	(135, 36572.0)	(140, 36847.0)	(145, 1042652.0)
SRR16683573_1	(35, 2345.0)	(40, 2817.0)	(45, 4457.0)	(50, 5691.0)	(55, 7494.0)	(60, 8974.0)	(65, 10654.0)	(70, 12393.0)	(75, 13982.0)	(80, 15838.0)	(85, 17685.0)	(90, 19546.0)	(95, 20714.0)	(100, 22818.0)	(105, 23921.0)	(110, 25083.0)	(115, 25901.0)	(120, 27050.0)	(125, 27459.0)	(130, 28076.0)	(135, 28397.0)	(140, 29699.0)	(145, 1083835.0)
SRR16683573_2	(35, 2305.0)	(40, 2810.0)	(45, 4439.0)	(50, 5659.0)	(55, 7456.0)	(60, 8939.0)	(65, 10620.0)	(70, 12357.0)	(75, 13930.0)	(80, 15801.0)	(85, 17648.0)	(90, 19484.0)	(95, 20674.0)	(100, 22789.0)	(105, 23868.0)	(110, 25008.0)	(115, 25872.0)	(120, 27048.0)	(125, 27448.0)	(130, 28019.0)	(135, 28382.0)	(140, 29838.0)	(145, 1084435.0)
SRR16683575_1	(35, 5895.0)	(40, 6660.0)	(45, 9343.0)	(50, 11583.0)	(55, 14579.0)	(60, 17722.0)	(65, 20677.0)	(70, 23444.0)	(75, 26157.0)	(80, 29626.0)	(85, 31915.0)	(90, 34965.0)	(95, 36264.0)	(100, 38868.0)	(105, 40406.0)	(110, 42120.0)	(115, 42631.0)	(120, 43408.0)	(125, 43566.0)	(130, 43822.0)	(135, 44068.0)	(140, 43885.0)	(145, 1232688.0)
SRR16683575_2	(35, 5796.0)	(40, 6632.0)	(45, 9316.0)	(50, 11536.0)	(55, 14556.0)	(60, 17669.0)	(65, 20666.0)	(70, 23372.0)	(75, 26087.0)	(80, 29571.0)	(85, 31825.0)	(90, 34821.0)	(95, 36189.0)	(100, 38754.0)	(105, 40334.0)	(110, 42020.0)	(115, 42534.0)	(120, 43367.0)	(125, 43555.0)	(130, 43704.0)	(135, 43953.0)	(140, 44272.0)	(145, 1233763.0)
SRR16683576_1	(35, 2825.0)	(40, 3131.0)	(45, 4638.0)	(50, 6354.0)	(55, 8101.0)	(60, 9895.0)	(65, 11639.0)	(70, 13533.0)	(75, 15306.0)	(80, 17639.0)	(85, 18969.0)	(90, 21267.0)	(95, 22378.0)	(100, 24697.0)	(105, 25744.0)	(110, 27469.0)	(115, 28006.0)	(120, 29288.0)	(125, 29390.0)	(130, 30071.0)	(135, 30349.0)	(140, 30892.0)	(145, 1053413.0)
SRR16683576_2	(35, 2769.0)	(40, 3118.0)	(45, 4639.0)	(50, 6350.0)	(55, 8084.0)	(60, 9865.0)	(65, 11612.0)	(70, 13501.0)	(75, 15325.0)	(80, 17593.0)	(85, 18910.0)	(90, 21278.0)	(95, 22319.0)	(100, 24642.0)	(105, 25679.0)	(110, 27419.0)	(115, 27954.0)	(120, 29217.0)	(125, 29303.0)	(130, 30063.0)	(135, 30264.0)	(140, 31000.0)	(145, 1054090.0)
SRR16683577_1	(35, 2648.0)	(40, 3211.0)	(45, 4932.0)	(50, 6556.0)	(55, 8715.0)	(60, 10631.0)	(65, 12999.0)	(70, 15237.0)	(75, 17110.0)	(80, 19813.0)	(85, 21727.0)	(90, 24493.0)	(95, 26064.0)	(100, 28641.0)	(105, 30056.0)	(110, 31833.0)	(115, 32565.0)	(120, 33950.0)	(125, 33926.0)	(130, 35038.0)	(135, 35574.0)	(140, 36221.0)	(145, 1095179.0)
SRR16683577_2	(35, 2587.0)	(40, 3201.0)	(45, 4904.0)	(50, 6508.0)	(55, 8696.0)	(60, 10585.0)	(65, 12964.0)	(70, 15200.0)	(75, 17066.0)	(80, 19741.0)	(85, 21662.0)	(90, 24404.0)	(95, 26014.0)	(100, 28589.0)	(105, 29933.0)	(110, 31716.0)	(115, 32492.0)	(120, 33903.0)	(125, 33833.0)	(130, 34950.0)	(135, 35480.0)	(140, 36358.0)	(145, 1096333.0)
SRR16683578_1	(35, 1946.0)	(40, 2054.0)	(45, 3147.0)	(50, 3957.0)	(55, 5139.0)	(60, 6168.0)	(65, 7299.0)	(70, 8678.0)	(75, 9721.0)	(80, 11246.0)	(85, 12438.0)	(90, 14247.0)	(95, 15501.0)	(100, 17157.0)	(105, 18625.0)	(110, 20287.0)	(115, 21450.0)	(120, 22824.0)	(125, 24126.0)	(130, 25378.0)	(135, 26268.0)	(140, 27665.0)	(145, 1064817.0)
SRR16683578_2	(35, 1874.0)	(40, 2055.0)	(45, 3122.0)	(50, 3942.0)	(55, 5142.0)	(60, 6146.0)	(65, 7278.0)	(70, 8654.0)	(75, 9702.0)	(80, 11216.0)	(85, 12400.0)	(90, 14207.0)	(95, 15484.0)	(100, 17118.0)	(105, 18554.0)	(110, 20236.0)	(115, 21385.0)	(120, 22805.0)	(125, 24114.0)	(130, 25352.0)	(135, 26203.0)	(140, 27806.0)	(145, 1065343.0)
SRR16683579_1	(35, 2789.0)	(40, 3215.0)	(45, 4910.0)	(50, 6709.0)	(55, 9102.0)	(60, 11110.0)	(65, 13814.0)	(70, 15886.0)	(75, 17864.0)	(80, 20762.0)	(85, 22899.0)	(90, 25542.0)	(95, 26839.0)	(100, 29667.0)	(105, 30919.0)	(110, 32661.0)	(115, 33004.0)	(120, 34364.0)	(125, 34477.0)	(130, 34886.0)	(135, 35704.0)	(140, 34446.0)	(145, 748093.0)
SRR16683579_2	(35, 2546.0)	(40, 3213.0)	(45, 4892.0)	(50, 6734.0)	(55, 9111.0)	(60, 11116.0)	(65, 13822.0)	(70, 15924.0)	(75, 17927.0)	(80, 20841.0)	(85, 23029.0)	(90, 25726.0)	(95, 27047.0)	(100, 29914.0)	(105, 31144.0)	(110, 32934.0)	(115, 33228.0)	(120, 34680.0)	(125, 34753.0)	(130, 35262.0)	(135, 35973.0)	(140, 35384.0)	(145, 744462.0)
SRR16683580_1	(35, 7682.0)	(40, 8314.0)	(45, 11649.0)	(50, 14555.0)	(55, 18523.0)	(60, 22196.0)	(65, 25500.0)	(70, 29822.0)	(75, 33265.0)	(80, 37826.0)	(85, 40567.0)	(90, 44798.0)	(95, 48010.0)	(100, 51660.0)	(105, 53944.0)	(110, 56942.0)	(115, 57600.0)	(120, 60021.0)	(125, 59958.0)	(130, 60129.0)	(135, 61166.0)	(140, 58961.0)	(145, 1277978.0)
SRR16683580_2	(35, 7396.0)	(40, 8291.0)	(45, 11670.0)	(50, 14629.0)	(55, 18572.0)	(60, 22250.0)	(65, 25646.0)	(70, 29946.0)	(75, 33505.0)	(80, 38027.0)	(85, 40776.0)	(90, 45139.0)	(95, 48365.0)	(100, 52028.0)	(105, 54432.0)	(110, 57395.0)	(115, 58132.0)	(120, 60611.0)	(125, 60520.0)	(130, 60755.0)	(135, 61657.0)	(140, 60553.0)	(145, 1270771.0)
SRR16683614_1	(35, 3825.0)	(40, 3816.0)	(45, 5590.0)	(50, 7526.0)	(55, 10112.0)	(60, 12552.0)	(65, 15519.0)	(70, 17761.0)	(75, 20643.0)	(80, 23768.0)	(85, 26074.0)	(90, 29098.0)	(95, 31650.0)	(100, 35126.0)	(105, 36823.0)	(110, 39826.0)	(115, 40737.0)	(120, 42744.0)	(125, 43419.0)	(130, 44110.0)	(135, 45394.0)	(140, 44548.0)	(145, 1033310.0)
SRR16683614_2	(35, 3539.0)	(40, 3817.0)	(45, 5586.0)	(50, 7533.0)	(55, 10177.0)	(60, 12585.0)	(65, 15553.0)	(70, 17829.0)	(75, 20708.0)	(80, 23880.0)	(85, 26235.0)	(90, 29278.0)	(95, 31862.0)	(100, 35382.0)	(105, 37099.0)	(110, 40166.0)	(115, 41076.0)	(120, 43110.0)	(125, 43811.0)	(130, 44586.0)	(135, 45639.0)	(140, 45820.0)	(145, 1028700.0)
SRR16683615_1	(35, 5328.0)	(40, 6094.0)	(45, 9125.0)	(50, 12612.0)	(55, 16198.0)	(60, 20674.0)	(65, 24006.0)	(70, 28799.0)	(75, 32952.0)	(80, 38086.0)	(85, 41942.0)	(90, 46899.0)	(95, 50600.0)	(100, 54724.0)	(105, 57892.0)	(110, 61194.0)	(115, 62203.0)	(120, 64621.0)	(125, 65017.0)	(130, 65454.0)	(135, 66580.0)	(140, 63332.0)	(145, 1297026.0)
SRR16683615_2	(35, 5048.0)	(40, 6084.0)	(45, 9129.0)	(50, 12557.0)	(55, 16205.0)	(60, 20704.0)	(65, 24073.0)	(70, 28936.0)	(75, 33138.0)	(80, 38248.0)	(85, 42222.0)	(90, 47155.0)	(95, 50863.0)	(100, 55141.0)	(105, 58373.0)	(110, 61651.0)	(115, 62651.0)	(120, 65333.0)	(125, 65504.0)	(130, 66183.0)	(135, 67047.0)	(140, 64747.0)	(145, 1290366.0)
SRR16683616_1	(35, 3456.0)	(40, 3587.0)	(45, 5874.0)	(50, 7810.0)	(55, 10882.0)	(60, 13362.0)	(65, 16155.0)	(70, 18692.0)	(75, 21888.0)	(80, 24798.0)	(85, 27273.0)	(90, 30556.0)	(95, 32186.0)	(100, 34769.0)	(105, 36170.0)	(110, 38017.0)	(115, 38881.0)	(120, 40197.0)	(125, 40392.0)	(130, 40282.0)	(135, 40500.0)	(140, 39433.0)	(145, 884144.0)
SRR16683616_2	(35, 3224.0)	(40, 3569.0)	(45, 5877.0)	(50, 7813.0)	(55, 10920.0)	(60, 13340.0)	(65, 16190.0)	(70, 18752.0)	(75, 21986.0)	(80, 24925.0)	(85, 27372.0)	(90, 30726.0)	(95, 32337.0)	(100, 34905.0)	(105, 36305.0)	(110, 38196.0)	(115, 39039.0)	(120, 40405.0)	(125, 40594.0)	(130, 40724.0)	(135, 40734.0)	(140, 40269.0)	(145, 881102.0)
SRR16683617_1	(35, 2841.0)	(40, 3018.0)	(45, 4848.0)	(50, 6618.0)	(55, 9224.0)	(60, 11080.0)	(65, 13832.0)	(70, 15949.0)	(75, 18434.0)	(80, 20212.0)	(85, 22439.0)	(90, 24746.0)	(95, 26095.0)	(100, 28495.0)	(105, 29199.0)	(110, 31079.0)	(115, 31109.0)	(120, 32209.0)	(125, 31830.0)	(130, 32798.0)	(135, 32819.0)	(140, 32458.0)	(145, 804210.0)
SRR16683617_2	(35, 2558.0)	(40, 3022.0)	(45, 4828.0)	(50, 6615.0)	(55, 9252.0)	(60, 11107.0)	(65, 13889.0)	(70, 16006.0)	(75, 18545.0)	(80, 20284.0)	(85, 22513.0)	(90, 24854.0)	(95, 26219.0)	(100, 28607.0)	(105, 29427.0)	(110, 31301.0)	(115, 31343.0)	(120, 32614.0)	(125, 32162.0)	(130, 33188.0)	(135, 33069.0)	(140, 33279.0)	(145, 800860.0)
SRR16683618_1	(35, 2719.0)	(40, 2754.0)	(45, 4204.0)	(50, 5848.0)	(55, 7948.0)	(60, 10001.0)	(65, 12034.0)	(70, 14380.0)	(75, 16621.0)	(80, 18977.0)	(85, 21571.0)	(90, 23803.0)	(95, 26056.0)	(100, 27756.0)	(105, 29513.0)	(110, 31748.0)	(115, 32430.0)	(120, 34031.0)	(125, 34073.0)	(130, 35225.0)	(135, 35248.0)	(140, 34760.0)	(145, 846913.0)
SRR16683618_2	(35, 2391.0)	(40, 2762.0)	(45, 4198.0)	(50, 5852.0)	(55, 7954.0)	(60, 10032.0)	(65, 12064.0)	(70, 14419.0)	(75, 16693.0)	(80, 19151.0)	(85, 21654.0)	(90, 23951.0)	(95, 26136.0)	(100, 27984.0)	(105, 29726.0)	(110, 31915.0)	(115, 32736.0)	(120, 34345.0)	(125, 34316.0)	(130, 35566.0)	(135, 35557.0)	(140, 35501.0)	(145, 843710.0)
SRR16683619_1	(35, 2436.0)	(40, 2772.0)	(45, 4329.0)	(50, 5465.0)	(55, 7108.0)	(60, 8304.0)	(65, 9939.0)	(70, 11818.0)	(75, 13348.0)	(80, 15021.0)	(85, 16420.0)	(90, 18590.0)	(95, 19909.0)	(100, 21883.0)	(105, 23052.0)	(110, 24412.0)	(115, 25228.0)	(120, 27006.0)	(125, 27401.0)	(130, 28393.0)	(135, 28928.0)	(140, 30076.0)	(145, 1084575.0)
SRR16683619_2	(35, 2393.0)	(40, 2761.0)	(45, 4296.0)	(50, 5440.0)	(55, 7078.0)	(60, 8300.0)	(65, 9916.0)	(70, 11779.0)	(75, 13316.0)	(80, 15013.0)	(85, 16370.0)	(90, 18520.0)	(95, 19814.0)	(100, 21817.0)	(105, 23001.0)	(110, 24389.0)	(115, 25142.0)	(120, 26975.0)	(125, 27301.0)	(130, 28393.0)	(135, 28886.0)	(140, 30076.0)	(145, 1085437.0)
SRR16683620_1	(35, 2269.0)	(40, 2272.0)	(45, 3805.0)	(50, 5144.0)	(55, 7108.0)	(60, 9025.0)	(65, 10963.0)	(70, 13067.0)	(75, 14831.0)	(80, 16826.0)	(85, 19185.0)	(90, 21316.0)	(95, 23603.0)	(100, 25163.0)	(105, 26461.0)	(110, 28799.0)	(115, 29120.0)	(120, 30648.0)	(125, 30465.0)	(130, 31257.0)	(135, 31420.0)	(140, 31015.0)	(145, 734502.0)
SRR16683620_2	(35, 1953.0)	(40, 2281.0)	(45, 3822.0)	(50, 5166.0)	(55, 7125.0)	(60, 9032.0)	(65, 11021.0)	(70, 13108.0)	(75, 14913.0)	(80, 16945.0)	(85, 19307.0)	(90, 21451.0)	(95, 23711.0)	(100, 25380.0)	(105, 26612.0)	(110, 29005.0)	(115, 29365.0)	(120, 30950.0)	(125, 30759.0)	(130, 31586.0)	(135, 31604.0)	(140, 31744.0)	(145, 731424.0)
SRR16683621_1	(35, 3280.0)	(40, 3333.0)	(45, 5306.0)	(50, 7349.0)	(55, 10001.0)	(60, 12098.0)	(65, 14775.0)	(70, 17289.0)	(75, 20000.0)	(80, 22786.0)	(85, 25302.0)	(90, 28059.0)	(95, 29928.0)	(100, 32797.0)	(105, 34045.0)	(110, 36351.0)	(115, 36926.0)	(120, 38468.0)	(125, 38315.0)	(130, 39068.0)	(135, 39250.0)	(140, 38861.0)	(145, 899260.0)
SRR16683621_2	(35, 2933.0)	(40, 3343.0)	(45, 5306.0)	(50, 7373.0)	(55, 9986.0)	(60, 12112.0)	(65, 14814.0)	(70, 17287.0)	(75, 20079.0)	(80, 22886.0)	(85, 25419.0)	(90, 28226.0)	(95, 30132.0)	(100, 33061.0)	(105, 34264.0)	(110, 36583.0)	(115, 37169.0)	(120, 38675.0)	(125, 38646.0)	(130, 39377.0)	(135, 39443.0)	(140, 39736.0)	(145, 895997.0)
SRR16683622_1	(35, 1821.0)	(40, 1800.0)	(45, 2981.0)	(50, 4266.0)	(55, 6030.0)	(60, 7386.0)	(65, 9298.0)	(70, 10695.0)	(75, 12546.0)	(80, 14744.0)	(85, 16532.0)	(90, 18175.0)	(95, 19709.0)	(100, 21591.0)	(105, 22518.0)	(110, 24085.0)	(115, 24443.0)	(120, 26057.0)	(125, 25586.0)	(130, 26491.0)	(135, 26154.0)	(140, 25707.0)	(145, 604781.0)
SRR16683622_2	(35, 1572.0)	(40, 1785.0)	(45, 2971.0)	(50, 4285.0)	(55, 6063.0)	(60, 7394.0)	(65, 9311.0)	(70, 10737.0)	(75, 12596.0)	(80, 14817.0)	(85, 16624.0)	(90, 18227.0)	(95, 19793.0)	(100, 21741.0)	(105, 22701.0)	(110, 24264.0)	(115, 24646.0)	(120, 26161.0)	(125, 25791.0)	(130, 26769.0)	(135, 26263.0)	(140, 26242.0)	(145, 602643.0)
SRR16683623_1	(35, 1434.0)	(40, 1236.0)	(45, 1873.0)	(50, 2422.0)	(55, 3451.0)	(60, 4166.0)	(65, 4971.0)	(70, 5806.0)	(75, 6901.0)	(80, 7869.0)	(85, 8827.0)	(90, 10014.0)	(95, 10824.0)	(100, 12219.0)	(105, 13183.0)	(110, 14200.0)	(115, 14853.0)	(120, 15631.0)	(125, 16002.0)	(130, 16671.0)	(135, 17338.0)	(140, 18431.0)	(145, 981291.0)
SRR16683623_2	(35, 1225.0)	(40, 1230.0)	(45, 1879.0)	(50, 2394.0)	(55, 3448.0)	(60, 4138.0)	(65, 4964.0)	(70, 5831.0)	(75, 6903.0)	(80, 7877.0)	(85, 8822.0)	(90, 10054.0)	(95, 10835.0)	(100, 12246.0)	(105, 13218.0)	(110, 14286.0)	(115, 14938.0)	(120, 15701.0)	(125, 16107.0)	(130, 16882.0)	(135, 17406.0)	(140, 18743.0)	(145, 980486.0)
SRR16683624_1	(35, 2396.0)	(40, 2426.0)	(45, 3807.0)	(50, 5534.0)	(55, 7658.0)	(60, 9206.0)	(65, 11357.0)	(70, 13313.0)	(75, 15362.0)	(80, 17650.0)	(85, 19822.0)	(90, 22498.0)	(95, 24093.0)	(100, 26611.0)	(105, 28043.0)	(110, 30195.0)	(115, 31059.0)	(120, 32237.0)	(125, 32651.0)	(130, 33950.0)	(135, 34153.0)	(140, 33736.0)	(145, 844340.0)
SRR16683624_2	(35, 2122.0)	(40, 2439.0)	(45, 3807.0)	(50, 5570.0)	(55, 7683.0)	(60, 9216.0)	(65, 11391.0)	(70, 13356.0)	(75, 15480.0)	(80, 17718.0)	(85, 19911.0)	(90, 22612.0)	(95, 24285.0)	(100, 26791.0)	(105, 28241.0)	(110, 30423.0)	(115, 31242.0)	(120, 32532.0)	(125, 32895.0)	(130, 34405.0)	(135, 34320.0)	(140, 34621.0)	(145, 841037.0)
SRR16683625_1	(35, 2411.0)	(40, 2485.0)	(45, 3810.0)	(50, 5385.0)	(55, 7316.0)	(60, 9425.0)	(65, 11362.0)	(70, 13444.0)	(75, 15737.0)	(80, 17876.0)	(85, 20497.0)	(90, 22726.0)	(95, 25594.0)	(100, 27320.0)	(105, 29710.0)	(110, 31657.0)	(115, 32925.0)	(120, 34329.0)	(125, 34978.0)	(130, 36495.0)	(135, 36503.0)	(140, 36261.0)	(145, 869115.0)
SRR16683625_2	(35, 2152.0)	(40, 2488.0)	(45, 3811.0)	(50, 5396.0)	(55, 7331.0)	(60, 9425.0)	(65, 11415.0)	(70, 13466.0)	(75, 15769.0)	(80, 17921.0)	(85, 20643.0)	(90, 22879.0)	(95, 25698.0)	(100, 27478.0)	(105, 29854.0)	(110, 31792.0)	(115, 33096.0)	(120, 34592.0)	(125, 35305.0)	(130, 36912.0)	(135, 36714.0)	(140, 37055.0)	(145, 866169.0)
SRR16683626_1	(35, 2520.0)	(40, 2422.0)	(45, 4073.0)	(50, 5533.0)	(55, 7326.0)	(60, 9158.0)	(65, 10937.0)	(70, 13063.0)	(75, 15030.0)	(80, 17329.0)	(85, 19237.0)	(90, 21862.0)	(95, 23652.0)	(100, 25806.0)	(105, 27437.0)	(110, 29762.0)	(115, 30550.0)	(120, 32146.0)	(125, 32369.0)	(130, 33386.0)	(135, 33285.0)	(140, 33339.0)	(145, 813930.0)
SRR16683626_2	(35, 2261.0)	(40, 2420.0)	(45, 4053.0)	(50, 5541.0)	(55, 7298.0)	(60, 9155.0)	(65, 10975.0)	(70, 13084.0)	(75, 15095.0)	(80, 17397.0)	(85, 19296.0)	(90, 21890.0)	(95, 23753.0)	(100, 25947.0)	(105, 27666.0)	(110, 29954.0)	(115, 30734.0)	(120, 32294.0)	(125, 32645.0)	(130, 33756.0)	(135, 33463.0)	(140, 34182.0)	(145, 811293.0)
SRR16683627_1	(35, 2058.0)	(40, 2170.0)	(45, 3424.0)	(50, 4891.0)	(55, 6666.0)	(60, 8419.0)	(65, 10254.0)	(70, 11969.0)	(75, 13755.0)	(80, 15835.0)	(85, 18048.0)	(90, 20178.0)	(95, 22177.0)	(100, 23682.0)	(105, 25741.0)	(110, 27552.0)	(115, 28289.0)	(120, 29978.0)	(125, 29899.0)	(130, 31395.0)	(135, 31714.0)	(140, 31687.0)	(145, 818507.0)
SRR16683627_2	(35, 1829.0)	(40, 2175.0)	(45, 3441.0)	(50, 4926.0)	(55, 6699.0)	(60, 8496.0)	(65, 10320.0)	(70, 12050.0)	(75, 13823.0)	(80, 16006.0)	(85, 18183.0)	(90, 20369.0)	(95, 22370.0)	(100, 23844.0)	(105, 26042.0)	(110, 27853.0)	(115, 28684.0)	(120, 30359.0)	(125, 30297.0)	(130, 31801.0)	(135, 32071.0)	(140, 32855.0)	(145, 813795.0)
SRR16683628_1	(35, 2215.0)	(40, 2174.0)	(45, 3311.0)	(50, 4523.0)	(55, 6132.0)	(60, 7694.0)	(65, 8963.0)	(70, 10561.0)	(75, 12432.0)	(80, 13820.0)	(85, 15918.0)	(90, 17832.0)	(95, 19433.0)	(100, 21662.0)	(105, 22789.0)	(110, 25001.0)	(115, 25647.0)	(120, 27353.0)	(125, 27691.0)	(130, 28989.0)	(135, 29647.0)	(140, 29650.0)	(145, 849286.0)
SRR16683628_2	(35, 1940.0)	(40, 2176.0)	(45, 3320.0)	(50, 4554.0)	(55, 6139.0)	(60, 7716.0)	(65, 8970.0)	(70, 10583.0)	(75, 12441.0)	(80, 13930.0)	(85, 15997.0)	(90, 17891.0)	(95, 19520.0)	(100, 21755.0)	(105, 22908.0)	(110, 25178.0)	(115, 25810.0)	(120, 27661.0)	(125, 28027.0)	(130, 29307.0)	(135, 29779.0)	(140, 30326.0)	(145, 846795.0)
SRR16683629_1	(35, 3307.0)	(40, 3606.0)	(45, 5420.0)	(50, 7226.0)	(55, 9460.0)	(60, 11587.0)	(65, 13816.0)	(70, 16138.0)	(75, 18503.0)	(80, 21121.0)	(85, 23359.0)	(90, 26211.0)	(95, 28260.0)	(100, 30345.0)	(105, 32034.0)	(110, 34256.0)	(115, 35497.0)	(120, 37015.0)	(125, 36666.0)	(130, 37407.0)	(135, 37863.0)	(140, 36828.0)	(145, 884482.0)
SRR16683629_2	(35, 3049.0)	(40, 3610.0)	(45, 5420.0)	(50, 7251.0)	(55, 9468.0)	(60, 11600.0)	(65, 13885.0)	(70, 16261.0)	(75, 18584.0)	(80, 21190.0)	(85, 23558.0)	(90, 26388.0)	(95, 28429.0)	(100, 30575.0)	(105, 32303.0)	(110, 34557.0)	(115, 35829.0)	(120, 37434.0)	(125, 37024.0)	(130, 37890.0)	(135, 38132.0)	(140, 37698.0)	(145, 880272.0)
SRR16683630_1	(35, 3386.0)	(40, 3812.0)	(45, 5494.0)	(50, 6930.0)	(55, 8912.0)	(60, 10900.0)	(65, 12775.0)	(70, 15281.0)	(75, 17128.0)	(80, 19834.0)	(85, 21229.0)	(90, 24243.0)	(95, 25571.0)	(100, 27845.0)	(105, 28948.0)	(110, 30776.0)	(115, 31846.0)	(120, 33044.0)	(125, 33363.0)	(130, 34365.0)	(135, 34738.0)	(140, 35553.0)	(145, 1107421.0)
SRR16683630_2	(35, 3361.0)	(40, 3792.0)	(45, 5473.0)	(50, 6907.0)	(55, 8861.0)	(60, 10849.0)	(65, 12747.0)	(70, 15232.0)	(75, 17089.0)	(80, 19771.0)	(85, 21153.0)	(90, 24135.0)	(95, 25520.0)	(100, 27750.0)	(105, 28848.0)	(110, 30720.0)	(115, 31810.0)	(120, 32951.0)	(125, 33311.0)	(130, 34338.0)	(135, 34685.0)	(140, 35748.0)	(145, 1108343.0)
SRR16683631_1	(35, 6512.0)	(40, 6294.0)	(45, 9299.0)	(50, 11872.0)	(55, 15294.0)	(60, 18861.0)	(65, 22388.0)	(70, 26763.0)	(75, 30368.0)	(80, 35355.0)	(85, 38531.0)	(90, 43851.0)	(95, 47423.0)	(100, 51885.0)	(105, 55163.0)	(110, 58545.0)	(115, 61418.0)	(120, 62575.0)	(125, 64031.0)	(130, 64396.0)	(135, 66073.0)	(140, 63164.0)	(145, 1182205.0)
SRR16683631_2	(35, 6204.0)	(40, 6309.0)	(45, 9300.0)	(50, 11886.0)	(55, 15365.0)	(60, 18853.0)	(65, 22536.0)	(70, 26840.0)	(75, 30490.0)	(80, 35628.0)	(85, 38829.0)	(90, 44152.0)	(95, 47801.0)	(100, 52335.0)	(105, 55683.0)	(110, 59140.0)	(115, 62075.0)	(120, 63336.0)	(125, 64763.0)	(130, 65294.0)	(135, 66614.0)	(140, 65035.0)	(145, 1173798.0)
SRR16683632_1	(35, 2878.0)	(40, 2964.0)	(45, 4809.0)	(50, 6171.0)	(55, 8351.0)	(60, 10283.0)	(65, 12308.0)	(70, 14466.0)	(75, 16836.0)	(80, 19116.0)	(85, 21449.0)	(90, 24612.0)	(95, 26725.0)	(100, 28830.0)	(105, 30786.0)	(110, 33310.0)	(115, 33634.0)	(120, 35334.0)	(125, 35169.0)	(130, 36139.0)	(135, 35640.0)	(140, 34557.0)	(145, 746140.0)
SRR16683632_2	(35, 2649.0)	(40, 2964.0)	(45, 4840.0)	(50, 6180.0)	(55, 8381.0)	(60, 10318.0)	(65, 12353.0)	(70, 14540.0)	(75, 16905.0)	(80, 19206.0)	(85, 21500.0)	(90, 24749.0)	(95, 26890.0)	(100, 29055.0)	(105, 31030.0)	(110, 33510.0)	(115, 33871.0)	(120, 35659.0)	(125, 35497.0)	(130, 36459.0)	(135, 35842.0)	(140, 35459.0)	(145, 742650.0)
SRR16683633_1	(35, 2523.0)	(40, 2666.0)	(45, 4066.0)	(50, 5403.0)	(55, 7295.0)	(60, 8615.0)	(65, 10231.0)	(70, 11822.0)	(75, 13464.0)	(80, 15262.0)	(85, 16818.0)	(90, 18816.0)	(95, 20285.0)	(100, 22059.0)	(105, 23316.0)	(110, 24925.0)	(115, 25047.0)	(120, 26519.0)	(125, 26631.0)	(130, 27474.0)	(135, 28521.0)	(140, 28591.0)	(145, 995111.0)
SRR16683633_2	(35, 2343.0)	(40, 2671.0)	(45, 4057.0)	(50, 5412.0)	(55, 7315.0)	(60, 8637.0)	(65, 10249.0)	(70, 11879.0)	(75, 13544.0)	(80, 15342.0)	(85, 16929.0)	(90, 18922.0)	(95, 20369.0)	(100, 22131.0)	(105, 23447.0)	(110, 25126.0)	(115, 25240.0)	(120, 26704.0)	(125, 26874.0)	(130, 27745.0)	(135, 28739.0)	(140, 29264.0)	(145, 992521.0)
SRR16683634_1	(35, 6545.0)	(40, 6891.0)	(45, 10669.0)	(50, 13996.0)	(55, 18305.0)	(60, 22200.0)	(65, 26608.0)	(70, 31592.0)	(75, 35317.0)	(80, 40678.0)	(85, 44129.0)	(90, 49395.0)	(95, 51567.0)	(100, 55791.0)	(105, 57749.0)	(110, 61284.0)	(115, 61496.0)	(120, 62591.0)	(125, 62485.0)	(130, 62421.0)	(135, 63313.0)	(140, 60133.0)	(145, 1193051.0)
SRR16683634_2	(35, 6186.0)	(40, 6888.0)	(45, 10662.0)	(50, 14025.0)	(55, 18365.0)	(60, 22279.0)	(65, 26709.0)	(70, 31717.0)	(75, 35509.0)	(80, 40854.0)	(85, 44392.0)	(90, 49662.0)	(95, 51861.0)	(100, 56246.0)	(105, 58207.0)	(110, 61762.0)	(115, 62045.0)	(120, 63113.0)	(125, 62917.0)	(130, 63143.0)	(135, 63768.0)	(140, 61324.0)	(145, 1186572.0)
SRR16683635_1	(35, 3176.0)	(40, 3434.0)	(45, 5449.0)	(50, 7664.0)	(55, 10356.0)	(60, 12955.0)	(65, 15421.0)	(70, 18325.0)	(75, 20951.0)	(80, 23982.0)	(85, 25970.0)	(90, 28562.0)	(95, 30472.0)	(100, 32629.0)	(105, 33638.0)	(110, 36053.0)	(115, 35653.0)	(120, 36963.0)	(125, 37201.0)	(130, 37606.0)	(135, 38388.0)	(140, 37231.0)	(145, 926562.0)
SRR16683635_2	(35, 2882.0)	(40, 3440.0)	(45, 5448.0)	(50, 7668.0)	(55, 10363.0)	(60, 12953.0)	(65, 15459.0)	(70, 18413.0)	(75, 21013.0)	(80, 24067.0)	(85, 26113.0)	(90, 28689.0)	(95, 30642.0)	(100, 32814.0)	(105, 33835.0)	(110, 36287.0)	(115, 35908.0)	(120, 37281.0)	(125, 37444.0)	(130, 37896.0)	(135, 38489.0)	(140, 37920.0)	(145, 923617.0)
SRR16683636_1	(35, 3543.0)	(40, 3779.0)	(45, 5682.0)	(50, 7616.0)	(55, 10399.0)	(60, 12570.0)	(65, 14962.0)	(70, 17280.0)	(75, 19542.0)	(80, 22095.0)	(85, 24338.0)	(90, 26870.0)	(95, 28488.0)	(100, 30453.0)	(105, 31866.0)	(110, 34029.0)	(115, 34376.0)	(120, 35530.0)	(125, 35549.0)	(130, 36048.0)	(135, 36545.0)	(140, 35967.0)	(145, 909944.0)
SRR16683636_2	(35, 3275.0)	(40, 3774.0)	(45, 5704.0)	(50, 7652.0)	(55, 10433.0)	(60, 12584.0)	(65, 15022.0)	(70, 17303.0)	(75, 19663.0)	(80, 22216.0)	(85, 24460.0)	(90, 27016.0)	(95, 28644.0)	(100, 30666.0)	(105, 32049.0)	(110, 34201.0)	(115, 34598.0)	(120, 35750.0)	(125, 35819.0)	(130, 36377.0)	(135, 36784.0)	(140, 36710.0)	(145, 906771.0)
SRR16683637_1	(35, 2759.0)	(40, 2904.0)	(45, 4487.0)	(50, 6434.0)	(55, 8205.0)	(60, 10486.0)	(65, 12353.0)	(70, 14557.0)	(75, 16820.0)	(80, 19260.0)	(85, 21133.0)	(90, 23537.0)	(95, 24985.0)	(100, 27254.0)	(105, 28771.0)	(110, 30351.0)	(115, 30896.0)	(120, 32534.0)	(125, 32721.0)	(130, 33473.0)	(135, 34219.0)	(140, 34054.0)	(145, 909615.0)
SRR16683637_2	(35, 2530.0)	(40, 2877.0)	(45, 4497.0)	(50, 6443.0)	(55, 8229.0)	(60, 10502.0)	(65, 12426.0)	(70, 14610.0)	(75, 16899.0)	(80, 19379.0)	(85, 21261.0)	(90, 23626.0)	(95, 25132.0)	(100, 27411.0)	(105, 29004.0)	(110, 30710.0)	(115, 31147.0)	(120, 32814.0)	(125, 33000.0)	(130, 33913.0)	(135, 34518.0)	(140, 34897.0)	(145, 905983.0)
SRR16683638_1	(35, 1918.0)	(40, 1971.0)	(45, 3329.0)	(50, 4678.0)	(55, 6412.0)	(60, 8252.0)	(65, 9831.0)	(70, 11636.0)	(75, 13583.0)	(80, 15682.0)	(85, 17118.0)	(90, 19348.0)	(95, 20952.0)	(100, 23040.0)	(105, 23761.0)	(110, 25346.0)	(115, 26038.0)	(120, 26991.0)	(125, 27634.0)	(130, 28014.0)	(135, 28604.0)	(140, 29242.0)	(145, 785795.0)
SRR16683638_2	(35, 1686.0)	(40, 1970.0)	(45, 3329.0)	(50, 4685.0)	(55, 6450.0)	(60, 8265.0)	(65, 9877.0)	(70, 11697.0)	(75, 13662.0)	(80, 15757.0)	(85, 17241.0)	(90, 19429.0)	(95, 21022.0)	(100, 23242.0)	(105, 23880.0)	(110, 25554.0)	(115, 26201.0)	(120, 27279.0)	(125, 27855.0)	(130, 28402.0)	(135, 28862.0)	(140, 29906.0)	(145, 782924.0)
SRR16683639_1	(35, 2460.0)	(40, 2633.0)	(45, 4221.0)	(50, 5746.0)	(55, 7858.0)	(60, 9613.0)	(65, 11720.0)	(70, 13507.0)	(75, 15538.0)	(80, 17990.0)	(85, 19941.0)	(90, 21874.0)	(95, 23302.0)	(100, 25552.0)	(105, 26279.0)	(110, 28162.0)	(115, 28913.0)	(120, 29978.0)	(125, 29914.0)	(130, 30975.0)	(135, 31141.0)	(140, 30611.0)	(145, 803280.0)
SRR16683639_2	(35, 2212.0)	(40, 2638.0)	(45, 4191.0)	(50, 5720.0)	(55, 7868.0)	(60, 9622.0)	(65, 11740.0)	(70, 13570.0)	(75, 15591.0)	(80, 18078.0)	(85, 20042.0)	(90, 22009.0)	(95, 23415.0)	(100, 25688.0)	(105, 26469.0)	(110, 28344.0)	(115, 29098.0)	(120, 30201.0)	(125, 30058.0)	(130, 31353.0)	(135, 31319.0)	(140, 31218.0)	(145, 800764.0)
SRR16683640_1	(35, 3634.0)	(40, 3783.0)	(45, 5901.0)	(50, 8216.0)	(55, 10780.0)	(60, 13603.0)	(65, 16472.0)	(70, 19098.0)	(75, 21734.0)	(80, 25062.0)	(85, 27585.0)	(90, 30302.0)	(95, 32732.0)	(100, 35482.0)	(105, 37467.0)	(110, 39867.0)	(115, 40444.0)	(120, 41902.0)	(125, 42404.0)	(130, 43400.0)	(135, 44065.0)	(140, 43403.0)	(145, 1046544.0)
SRR16683640_2	(35, 3345.0)	(40, 3780.0)	(45, 5912.0)	(50, 8220.0)	(55, 10824.0)	(60, 13598.0)	(65, 16504.0)	(70, 19119.0)	(75, 21818.0)	(80, 25170.0)	(85, 27696.0)	(90, 30493.0)	(95, 32845.0)	(100, 35623.0)	(105, 37698.0)	(110, 40098.0)	(115, 40712.0)	(120, 42154.0)	(125, 42671.0)	(130, 43704.0)	(135, 44333.0)	(140, 44360.0)	(145, 1043203.0)
SRR16683642_1	(35, 2894.0)	(40, 3265.0)	(45, 4917.0)	(50, 6274.0)	(55, 8246.0)	(60, 9940.0)	(65, 11700.0)	(70, 14124.0)	(75, 15682.0)	(80, 18134.0)	(85, 19747.0)	(90, 21976.0)	(95, 23491.0)	(100, 25495.0)	(105, 26914.0)	(110, 28422.0)	(115, 29411.0)	(120, 30524.0)	(125, 30826.0)	(130, 31905.0)	(135, 31872.0)	(140, 32752.0)	(145, 1130885.0)
SRR16683642_2	(35, 2855.0)	(40, 3249.0)	(45, 4899.0)	(50, 6251.0)	(55, 8214.0)	(60, 9922.0)	(65, 11666.0)	(70, 14073.0)	(75, 15653.0)	(80, 18045.0)	(85, 19698.0)	(90, 21892.0)	(95, 23404.0)	(100, 25447.0)	(105, 26802.0)	(110, 28377.0)	(115, 29336.0)	(120, 30442.0)	(125, 30758.0)	(130, 31951.0)	(135, 31810.0)	(140, 32775.0)	(145, 1131877.0)
SRR16683726_1	(35, 3646.0)	(40, 4006.0)	(45, 6075.0)	(50, 8431.0)	(55, 11212.0)	(60, 14187.0)	(65, 17101.0)	(70, 19784.0)	(75, 22393.0)	(80, 25506.0)	(85, 27734.0)	(90, 30698.0)	(95, 32163.0)	(100, 34148.0)	(105, 35981.0)	(110, 37497.0)	(115, 37979.0)	(120, 38772.0)	(125, 39484.0)	(130, 39773.0)	(135, 40311.0)	(140, 38952.0)	(145, 933720.0)
SRR16683726_2	(35, 3412.0)	(40, 4014.0)	(45, 6106.0)	(50, 8447.0)	(55, 11233.0)	(60, 14188.0)	(65, 17164.0)	(70, 19828.0)	(75, 22475.0)	(80, 25609.0)	(85, 27888.0)	(90, 30866.0)	(95, 32362.0)	(100, 34434.0)	(105, 36251.0)	(110, 37829.0)	(115, 38294.0)	(120, 39102.0)	(125, 39800.0)	(130, 40256.0)	(135, 40482.0)	(140, 39869.0)	(145, 929644.0)
SRR16683727_1	(35, 2292.0)	(40, 2362.0)	(45, 3764.0)	(50, 5088.0)	(55, 6944.0)	(60, 8344.0)	(65, 10177.0)	(70, 11652.0)	(75, 13353.0)	(80, 15277.0)	(85, 16447.0)	(90, 18140.0)	(95, 19222.0)	(100, 20816.0)	(105, 21831.0)	(110, 22821.0)	(115, 22925.0)	(120, 24138.0)	(125, 23813.0)	(130, 24527.0)	(135, 24146.0)	(140, 24160.0)	(145, 690486.0)
SRR16683727_2	(35, 2052.0)	(40, 2372.0)	(45, 3786.0)	(50, 5070.0)	(55, 6952.0)	(60, 8345.0)	(65, 10220.0)	(70, 11677.0)	(75, 13408.0)	(80, 15336.0)	(85, 16525.0)	(90, 18210.0)	(95, 19332.0)	(100, 20953.0)	(105, 21955.0)	(110, 22919.0)	(115, 23115.0)	(120, 24292.0)	(125, 24022.0)	(130, 24748.0)	(135, 24313.0)	(140, 24610.0)	(145, 688513.0)
SRR16683728_1	(35, 2491.0)	(40, 2639.0)	(45, 4004.0)	(50, 5431.0)	(55, 7219.0)	(60, 8960.0)	(65, 10926.0)	(70, 12992.0)	(75, 14813.0)	(80, 16739.0)	(85, 18864.0)	(90, 20936.0)	(95, 22755.0)	(100, 24553.0)	(105, 25707.0)	(110, 27322.0)	(115, 27486.0)	(120, 28768.0)	(125, 28790.0)	(130, 29566.0)	(135, 29395.0)	(140, 28944.0)	(145, 669032.0)
SRR16683728_2	(35, 2233.0)	(40, 2652.0)	(45, 4000.0)	(50, 5418.0)	(55, 7250.0)	(60, 9003.0)	(65, 10967.0)	(70, 13029.0)	(75, 14906.0)	(80, 16830.0)	(85, 18976.0)	(90, 21015.0)	(95, 22924.0)	(100, 24686.0)	(105, 25978.0)	(110, 27452.0)	(115, 27879.0)	(120, 29046.0)	(125, 29185.0)	(130, 30024.0)	(135, 29604.0)	(140, 29730.0)	(145, 665545.0)
SRR16683729_1	(35, 2449.0)	(40, 2715.0)	(45, 4099.0)	(50, 5602.0)	(55, 7760.0)	(60, 9585.0)	(65, 11243.0)	(70, 13245.0)	(75, 15629.0)	(80, 17472.0)	(85, 19082.0)	(90, 21019.0)	(95, 22354.0)	(100, 24230.0)	(105, 25083.0)	(110, 26531.0)	(115, 26613.0)	(120, 27987.0)	(125, 27855.0)	(130, 28732.0)	(135, 29013.0)	(140, 29203.0)	(145, 947840.0)
SRR16683729_2	(35, 2283.0)	(40, 2711.0)	(45, 4110.0)	(50, 5594.0)	(55, 7727.0)	(60, 9615.0)	(65, 11303.0)	(70, 13288.0)	(75, 15656.0)	(80, 17511.0)	(85, 19192.0)	(90, 21143.0)	(95, 22466.0)	(100, 24372.0)	(105, 25189.0)	(110, 26745.0)	(115, 26807.0)	(120, 28194.0)	(125, 28060.0)	(130, 29031.0)	(135, 29121.0)	(140, 29986.0)	(145, 945237.0)
SRR16683736_1	(35, 2441.0)	(40, 2866.0)	(45, 4260.0)	(50, 5534.0)	(55, 7122.0)	(60, 8751.0)	(65, 10438.0)	(70, 12038.0)	(75, 13687.0)	(80, 15883.0)	(85, 17561.0)	(90, 19835.0)	(95, 21343.0)	(100, 23336.0)	(105, 24424.0)	(110, 26507.0)	(115, 27549.0)	(120, 28985.0)	(125, 29554.0)	(130, 30622.0)	(135, 31652.0)	(140, 32776.0)	(145, 1169121.0)
SRR16683736_2	(35, 2393.0)	(40, 2855.0)	(45, 4254.0)	(50, 5513.0)	(55, 7106.0)	(60, 8729.0)	(65, 10396.0)	(70, 12010.0)	(75, 13683.0)	(80, 15880.0)	(85, 17545.0)	(90, 19800.0)	(95, 21286.0)	(100, 23367.0)	(105, 24424.0)	(110, 26499.0)	(115, 27506.0)	(120, 28937.0)	(125, 29515.0)	(130, 30592.0)	(135, 31619.0)	(140, 33081.0)	(145, 1169295.0)
SRR16683747_1	(35, 2508.0)	(40, 2915.0)	(45, 4282.0)	(50, 5372.0)	(55, 7060.0)	(60, 8506.0)	(65, 9905.0)	(70, 11554.0)	(75, 13134.0)	(80, 14898.0)	(85, 16614.0)	(90, 18672.0)	(95, 20207.0)	(100, 21946.0)	(105, 23210.0)	(110, 25033.0)	(115, 25924.0)	(120, 27277.0)	(125, 28030.0)	(130, 28622.0)	(135, 29219.0)	(140, 30573.0)	(145, 1109105.0)
SRR16683747_2	(35, 2426.0)	(40, 2908.0)	(45, 4259.0)	(50, 5355.0)	(55, 7049.0)	(60, 8478.0)	(65, 9857.0)	(70, 11536.0)	(75, 13097.0)	(80, 14856.0)	(85, 16543.0)	(90, 18639.0)	(95, 20136.0)	(100, 21905.0)	(105, 23143.0)	(110, 24987.0)	(115, 25899.0)	(120, 27243.0)	(125, 27955.0)	(130, 28601.0)	(135, 29127.0)	(140, 30709.0)	(145, 1109858.0)
SRR16683758_1	(35, 2095.0)	(40, 2415.0)	(45, 3694.0)	(50, 4772.0)	(55, 6325.0)	(60, 7710.0)	(65, 9183.0)	(70, 10796.0)	(75, 12328.0)	(80, 14445.0)	(85, 15647.0)	(90, 17774.0)	(95, 19300.0)	(100, 21513.0)	(105, 23304.0)	(110, 25085.0)	(115, 26563.0)	(120, 28124.0)	(125, 28774.0)	(130, 29978.0)	(135, 31401.0)	(140, 32884.0)	(145, 1181735.0)
SRR16683758_2	(35, 2068.0)	(40, 2411.0)	(45, 3682.0)	(50, 4757.0)	(55, 6295.0)	(60, 7680.0)	(65, 9169.0)	(70, 10804.0)	(75, 12303.0)	(80, 14405.0)	(85, 15598.0)	(90, 17735.0)	(95, 19267.0)	(100, 21447.0)	(105, 23233.0)	(110, 25007.0)	(115, 26523.0)	(120, 28110.0)	(125, 28706.0)	(130, 29932.0)	(135, 31354.0)	(140, 33092.0)	(145, 1182267.0)
SRR16683770_1	(35, 2871.0)	(40, 3454.0)	(45, 5299.0)	(50, 6848.0)	(55, 8842.0)	(60, 10625.0)	(65, 12662.0)	(70, 14440.0)	(75, 16381.0)	(80, 19292.0)	(85, 20574.0)	(90, 23179.0)	(95, 24530.0)	(100, 26512.0)	(105, 27569.0)	(110, 29290.0)	(115, 29603.0)	(120, 31085.0)	(125, 31278.0)	(130, 31821.0)	(135, 32170.0)	(140, 32232.0)	(145, 975410.0)
SRR16683770_2	(35, 2801.0)	(40, 3422.0)	(45, 5238.0)	(50, 6798.0)	(55, 8790.0)	(60, 10543.0)	(65, 12598.0)	(70, 14343.0)	(75, 16314.0)	(80, 19203.0)	(85, 20458.0)	(90, 23047.0)	(95, 24406.0)	(100, 26395.0)	(105, 27440.0)	(110, 29175.0)	(115, 29547.0)	(120, 30919.0)	(125, 31155.0)	(130, 31730.0)	(135, 32059.0)	(140, 32234.0)	(145, 977352.0)
SRR16683781_1	(35, 1670.0)	(40, 2063.0)	(45, 3248.0)	(50, 4271.0)	(55, 5594.0)	(60, 6849.0)	(65, 8109.0)	(70, 9468.0)	(75, 11013.0)	(80, 12598.0)	(85, 14222.0)	(90, 15834.0)	(95, 17659.0)	(100, 19380.0)	(105, 20888.0)	(110, 22204.0)	(115, 23771.0)	(120, 24677.0)	(125, 25868.0)	(130, 26889.0)	(135, 28090.0)	(140, 29130.0)	(145, 1089335.0)
SRR16683781_2	(35, 1606.0)	(40, 2055.0)	(45, 3225.0)	(50, 4253.0)	(55, 5560.0)	(60, 6830.0)	(65, 8074.0)	(70, 9434.0)	(75, 10977.0)	(80, 12550.0)	(85, 14183.0)	(90, 15807.0)	(95, 17624.0)	(100, 19327.0)	(105, 20851.0)	(110, 22147.0)	(115, 23744.0)	(120, 24627.0)	(125, 25833.0)	(130, 26863.0)	(135, 27982.0)	(140, 29284.0)	(145, 1089994.0)
SRR16683792_1	(35, 2083.0)	(40, 2694.0)	(45, 3984.0)	(50, 5474.0)	(55, 7286.0)	(60, 8915.0)	(65, 10697.0)	(70, 12609.0)	(75, 14283.0)	(80, 16734.0)	(85, 18412.0)	(90, 21248.0)	(95, 22970.0)	(100, 25243.0)	(105, 27107.0)	(110, 28737.0)	(115, 30424.0)	(120, 31903.0)	(125, 33381.0)	(130, 34162.0)	(135, 35168.0)	(140, 36163.0)	(145, 1157680.0)
SRR16683792_2	(35, 2041.0)	(40, 2697.0)	(45, 3975.0)	(50, 5453.0)	(55, 7281.0)	(60, 8875.0)	(65, 10682.0)	(70, 12598.0)	(75, 14277.0)	(80, 16692.0)	(85, 18367.0)	(90, 21242.0)	(95, 22958.0)	(100, 25236.0)	(105, 27074.0)	(110, 28767.0)	(115, 30382.0)	(120, 31883.0)	(125, 33404.0)	(130, 34205.0)	(135, 35090.0)	(140, 36356.0)	(145, 1157822.0)
SRR16683803_1	(35, 3224.0)	(40, 4002.0)	(45, 6299.0)	(50, 8162.0)	(55, 10490.0)	(60, 12734.0)	(65, 14967.0)	(70, 17160.0)	(75, 19550.0)	(80, 22002.0)	(85, 24064.0)	(90, 26206.0)	(95, 28401.0)	(100, 29809.0)	(105, 31181.0)	(110, 32631.0)	(115, 33718.0)	(120, 33840.0)	(125, 34781.0)	(130, 34878.0)	(135, 35317.0)	(140, 35790.0)	(145, 1106080.0)
SRR16683803_2	(35, 3142.0)	(40, 3993.0)	(45, 6256.0)	(50, 8116.0)	(55, 10454.0)	(60, 12685.0)	(65, 14902.0)	(70, 17094.0)	(75, 19508.0)	(80, 21961.0)	(85, 24013.0)	(90, 26112.0)	(95, 28341.0)	(100, 29705.0)	(105, 31039.0)	(110, 32577.0)	(115, 33637.0)	(120, 33771.0)	(125, 34632.0)	(130, 34780.0)	(135, 35317.0)	(140, 36058.0)	(145, 1107193.0)
SRR16683814_1	(35, 4280.0)	(40, 5305.0)	(45, 8103.0)	(50, 10504.0)	(55, 13714.0)	(60, 16605.0)	(65, 19569.0)	(70, 22450.0)	(75, 25311.0)	(80, 28580.0)	(85, 30768.0)	(90, 33439.0)	(95, 35428.0)	(100, 36934.0)	(105, 38651.0)	(110, 39474.0)	(115, 39902.0)	(120, 40261.0)	(125, 40337.0)	(130, 40323.0)	(135, 40818.0)	(140, 40261.0)	(145, 1118243.0)
SRR16683814_2	(35, 4192.0)	(40, 5302.0)	(45, 8051.0)	(50, 10471.0)	(55, 13658.0)	(60, 16519.0)	(65, 19484.0)	(70, 22368.0)	(75, 25249.0)	(80, 28516.0)	(85, 30675.0)	(90, 33337.0)	(95, 35266.0)	(100, 36835.0)	(105, 38551.0)	(110, 39376.0)	(115, 39803.0)	(120, 40123.0)	(125, 40249.0)	(130, 40217.0)	(135, 40699.0)	(140, 40460.0)	(145, 1119859.0)
