Sample	fastqc-percent_duplicates	fastqc-percent_gc	fastqc-avg_sequence_length	fastqc-median_sequence_length	fastqc-percent_fails	fastqc-total_sequences
SRR16683517_1	41.718956836541764	50.0	137.8620644809825	147	10.0	1.384067
SRR16683517_2	40.789303483275255	50.0	137.9055125221539	147	0.0	1.384067
SRR16683518_1	43.25274531636949	50.0	135.96044915687756	147	0.0	1.704616
SRR16683518_2	42.915418919942475	50.0	135.9711143154822	147	0.0	1.704616
SRR16683519_1	44.88025680614448	51.0	131.3247550482999	147	10.0	1.766981
SRR16683519_2	44.46499840830545	51.0	131.35995916198306	147	0.0	1.766981
SRR16683520_1	45.48635760825035	50.0	133.15006680996922	147	10.0	1.7212999999999998
SRR16683520_2	45.023249357662706	50.0	133.19063208040436	147	10.0	1.7212999999999998
SRR16683521_1	42.39499972565374	50.0	133.04011942019383	147	0.0	1.581977
SRR16683521_2	41.68015573442288	50.0	133.07037902573805	147	0.0	1.581977
SRR16683522_1	44.58302450393017	50.0	129.37564370855532	147	0.0	1.9142979999999998
SRR16683522_2	44.153393045752495	50.0	129.4303582827752	147	0.0	1.9142979999999998
SRR16683523_1	42.52238754655331	50.0	132.64271668983884	147	0.0	1.6701059999999999
SRR16683523_2	42.00729352266983	50.0	132.6852828503101	147	0.0	1.6701059999999999
SRR16683553_1	42.20400267506944	50.0	135.97330938595707	147	0.0	1.630798
SRR16683553_2	41.50570287852092	50.0	136.0104905696475	147	0.0	1.630798
SRR16683554_1	41.69756309820384	50.0	138.04149382351315	147	0.0	1.482558
SRR16683554_2	41.02063572034219	50.0	138.05940206049274	147	0.0	1.482558
SRR16683555_1	42.1188278135872	50.0	136.3667506325065	147	0.0	1.6288369999999999
SRR16683555_2	41.64108959155088	50.0	136.394930247778	147	0.0	1.6288369999999999
SRR16683556_1	40.817323843545516	50.0	135.1648201022114	147	0.0	1.362079
SRR16683556_2	40.47174239494542	50.0	135.1726463736685	147	0.0	1.362079
SRR16683557_1	41.18877528858687	50.0	133.75621150844927	147	0.0	1.4897749999999998
SRR16683557_2	40.11281026642952	50.0	133.7965531707808	147	0.0	1.4897749999999998
SRR16683558_1	45.86654705507917	50.0	129.89975549081882	147	0.0	1.880093
SRR16683558_2	45.005946150272955	50.0	129.9759751246348	147	0.0	1.880093
SRR16683559_1	40.68355865444458	50.0	136.61793337142973	147	0.0	1.396458
SRR16683559_2	39.39720032381889	50.0	136.6663988462238	147	0.0	1.396458
SRR16683560_1	42.28397915945753	50.0	139.09604284188558	147	0.0	1.448489
SRR16683560_2	41.804160092444675	50.0	139.10775504681084	147	0.0	1.448489
SRR16683561_1	42.86144966215657	50.0	134.0814172310249	147	0.0	1.730727
SRR16683561_2	42.51594089485208	50.0	134.0945475514047	147	0.0	1.730727
SRR16683562_1	44.16566527206207	50.0	129.1558677739068	147	0.0	1.8981729999999999
SRR16683562_2	43.502806202299396	50.0	129.21921289576872	147	0.0	1.8981729999999999
SRR16683564_1	45.12369577992983	50.0	134.5634379530357	147	0.0	1.736894
SRR16683564_2	44.3505708122084	50.0	134.59642211902397	147	0.0	1.736894
SRR16683565_1	42.75923391031977	50.0	132.65078853030047	147	0.0	1.7328439999999998
SRR16683565_2	42.09404488741437	50.0	132.68345736834937	147	0.0	1.7328439999999998
SRR16683566_1	43.7082656016722	50.0	133.7024264671738	147	0.0	1.6797259999999998
SRR16683566_2	42.898502205887986	50.0	133.727632959185	147	0.0	1.6797259999999998
SRR16683567_1	46.05631920951381	50.0	133.3273098225139	147	10.0	1.9135019999999998
SRR16683567_2	45.36823973123575	50.0	133.36647623049257	147	0.0	1.9135019999999998
SRR16683568_1	44.397870540758944	50.0	128.35220371445757	147	10.0	1.830523
SRR16683568_2	43.87050689196397	50.0	128.39480356160507	147	0.0	1.830523
SRR16683569_1	41.46288798302184	50.0	133.74039374406635	147	0.0	1.60104
SRR16683569_2	40.41801692931738	50.0	133.7948427272273	147	0.0	1.60104
SRR16683570_1	45.526381246137994	50.0	133.82824057232932	147	0.0	1.8143399999999998
SRR16683570_2	44.53357152624678	50.0	133.87526593692473	147	0.0	1.8143399999999998
SRR16683571_1	42.31412985756348	50.0	139.17990272704222	147	0.0	1.4355479999999998
SRR16683571_2	41.385009012536045	50.0	139.2069794949385	147	0.0	1.4355479999999998
SRR16683572_1	42.06252397723604	50.0	130.9725423135727	147	0.0	1.617507
SRR16683572_2	41.28714443631889	50.0	131.01393007881882	147	0.0	1.617507
SRR16683573_1	43.31342596338388	50.0	136.31152714753736	147	0.0	1.464829
SRR16683573_2	42.74011053095731	50.0	136.340858216215	147	0.0	1.464829
SRR16683575_1	45.60010320169381	50.0	131.92080049164355	147	0.0	1.8842919999999999
SRR16683575_2	44.92247763468122	50.0	131.96115782479572	147	0.0	1.8842919999999999
SRR16683576_1	41.27342511074343	50.0	135.36881925796283	147	0.0	1.464994
SRR16683576_2	40.700879992548764	50.0	135.39361116837338	147	0.0	1.464994
SRR16683577_1	42.75675452869553	50.0	134.7313145970408	147	10.0	1.567119
SRR16683577_2	41.882434151505755	50.0	134.77185076564064	147	0.0	1.567119
SRR16683578_1	41.215148939632215	50.0	138.4142334567759	147	0.0	1.3701379999999999
SRR16683578_2	40.452155190239125	50.0	138.4396396567353	147	0.0	1.3701379999999999
SRR16683579_1	37.71307190542442	50.0	130.84941553044658	147	0.0	1.229662
SRR16683579_2	37.662453249596965	50.0	130.78505638134706	147	0.0	1.229662
SRR16683580_1	49.685539148139725	51.0	129.76878900510306	147	10.0	2.141066
SRR16683580_2	49.789641470140744	51.0	129.67524214573487	147	10.0	2.141066
SRR16683614_1	43.22364553409931	50.0	132.5461002706988	147	0.0	1.6139709999999998
SRR16683614_2	42.89387396927599	50.0	132.48107741712832	147	0.0	1.6139709999999998
SRR16683615_1	52.69824708981851	49.0	130.24939375492275	147	20.0	2.1913579999999997
SRR16683615_2	52.53133338128799	49.0	130.17301189490718	147	10.0	2.1913579999999997
SRR16683616_1	40.86142624379716	50.0	130.78982256310616	147	0.0	1.449304
SRR16683616_2	40.598775913636	50.0	130.74504589789305	147	0.0	1.449304
SRR16683617_1	40.087366704186955	50.0	131.72636230168575	147	0.0	1.265542
SRR16683617_2	39.47659088740924	50.0	131.67274495828664	147	10.0	1.265542
SRR16683618_1	42.125001088957944	50.0	132.80592199527285	147	0.0	1.308613
SRR16683618_2	41.792589116357746	50.0	132.75630075507428	147	0.0	1.308613
SRR16683619_1	42.29257308419968	50.0	136.66038479469765	147	0.0	1.456413
SRR16683619_2	41.659194417657844	50.0	136.69149890862002	147	0.0	1.456413
SRR16683620_1	38.83400170367851	50.0	132.50620763169445	147	0.0	1.148264
SRR16683620_2	38.729683015334174	50.0	132.4472926086684	147	0.0	1.148264
SRR16683621_1	40.47698540639429	50.0	131.7129351563705	147	0.0	1.432847
SRR16683621_2	40.486810854205935	50.0	131.66743832384057	147	0.0	1.432847
SRR16683622_1	35.27459545967912	50.0	132.29268530600086	147	0.0	0.9533959999999999
SRR16683622_2	35.021303537614315	50.0	132.24908852145384	147	0.0	0.9533959999999999
SRR16683623_1	38.76695074746802	50.0	140.2204296691445	147	0.0	1.189613
SRR16683623_2	37.98757708222473	50.0	140.2258726157162	147	10.0	1.189613
SRR16683624_1	40.69588371066083	50.0	133.3944381743347	147	0.0	1.282097
SRR16683624_2	40.64063898547836	50.0	133.33808908374328	147	0.0	1.282097
SRR16683625_1	44.784330034917176	49.0	133.45160962240115	147	0.0	1.327361
SRR16683625_2	44.52001896265464	49.0	133.4094771505265	147	10.0	1.327361
SRR16683626_1	40.15558060120987	50.0	133.2212173432185	147	0.0	1.244152
SRR16683626_2	39.696610403312626	50.0	133.18946077328172	147	0.0	1.244152
SRR16683627_1	42.37800087934864	49.0	134.0385984266446	147	0.0	1.218288
SRR16683627_2	42.26643046227076	49.0	133.94005030009325	147	0.0	1.218288
SRR16683628_1	41.92357509348844	50.0	135.23167780276287	147	0.0	1.212723
SRR16683628_2	41.47193930721132	49.0	135.19659147224883	147	0.0	1.212723
SRR16683629_1	43.809353878105895	49.0	132.0832597937151	147	0.0	1.390407
SRR16683629_2	43.81324849241852	49.0	132.0078933722284	147	10.0	1.390407
SRR16683630_1	42.45126196469591	50.0	134.77902102079963	147	0.0	1.573394
SRR16683630_2	41.67132345373511	50.0	134.81619543483706	147	0.0	1.573394
SRR16683631_1	46.13607199423486	51.0	129.88570881559994	147	0.0	2.0422659999999997
SRR16683631_2	46.168296323179014	51.0	129.78016183983868	147	0.0	2.0422659999999997
SRR16683632_1	37.91852456801804	50.0	131.3100039573718	147	0.0	1.220507
SRR16683632_2	37.85717472482823	50.0	131.24189701492904	147	0.0	1.220507
SRR16683633_1	41.80444234364305	50.0	135.90559225462482	147	0.0	1.36546
SRR16683633_2	41.8600935078466	49.0	135.86314868249528	147	0.0	1.36546
SRR16683634_1	46.737776987776336	50.0	128.685997466407	147	0.0	2.098206
SRR16683634_2	46.70563366808754	50.0	128.60169449520208	147	0.0	2.098206
SRR16683635_1	44.57023237183638	49.0	131.74622611046857	147	0.0	1.4586409999999999
SRR16683635_2	44.349885084291685	49.0	131.70080026545256	147	10.0	1.4586409999999999
SRR16683636_1	42.886741891928914	49.0	131.97693074496763	147	0.0	1.417471
SRR16683636_2	42.698232654732706	49.0	131.9223264532396	147	0.0	1.417471
SRR16683637_1	42.401637823861115	49.0	133.43866095661062	147	0.0	1.361808
SRR16683637_2	42.14732152729883	49.0	133.37755102040816	147	0.0	1.361808
SRR16683638_1	38.38412793558107	50.0	134.07935385079907	147	0.0	1.1591749999999998
SRR16683638_2	38.17701585899592	50.0	134.02507386719003	147	0.0	1.1591749999999998
SRR16683639_1	40.08088791294859	50.0	132.96266565564588	147	0.0	1.2212079999999998
SRR16683639_2	39.955814570090084	50.0	132.92261514827942	147	0.0	1.2212079999999998
SRR16683640_1	44.63479794523256	49.0	132.27358802360027	147	0.0	1.63388
SRR16683640_2	44.47241970062079	49.0	132.231886674664	147	0.0	1.63388
SRR16683642_1	42.27847301256941	50.0	135.7024559508938	147	0.0	1.559396
SRR16683642_2	41.64834161999947	50.0	135.73729315709414	147	0.0	1.559396
SRR16683726_1	41.543286957216274	49.0	131.08587092286834	147	0.0	1.499553
SRR16683726_2	41.3583219345419	49.0	131.0166836383909	147	0.0	1.499553
SRR16683727_1	35.76467755509242	50.0	133.09329201868843	147	0.0	1.032725
SRR16683727_2	35.384204483553034	50.0	133.05601684862862	147	0.0	1.032725
SRR16683728_1	40.32629693123542	50.0	131.68226169393034	147	0.0	1.068332
SRR16683728_2	39.852769461542046	50.0	131.61047221275783	147	10.0	1.068332
SRR16683729_1	41.57361039965595	49.0	134.73885951591456	147	0.0	1.345341
SRR16683729_2	41.51474040149352	49.0	134.69767664852256	147	0.0	1.345341
SRR16683736_1	42.334956363753705	50.0	136.8595562110344	147	0.0	1.566285
SRR16683736_2	41.99744930767992	50.0	136.87578569672826	147	0.0	1.566285
SRR16683747_1	42.514996083319964	50.0	136.7973481812193	147	0.0	1.4845659999999998
SRR16683747_2	41.58331600875573	50.0	136.82898368950924	147	0.0	1.4845659999999998
SRR16683758_1	41.83743177114031	50.0	137.6541011476079	147	0.0	1.555845
SRR16683758_2	41.63593460321297	50.0	137.67623702875287	147	0.0	1.555845
SRR16683770_1	40.817483140507385	50.0	134.03208478728672	147	10.0	1.415967
SRR16683770_2	39.999245859254714	50.0	134.10415920710017	147	0.0	1.415967
SRR16683781_1	42.31586194944143	49.0	137.90946564241688	147	10.0	1.42283
SRR16683781_2	41.72247885660639	49.0	137.93930054890606	147	0.0	1.42283
SRR16683792_1	43.08294598909033	50.0	136.41409525393468	147	10.0	1.587357
SRR16683792_2	42.45910173894073	50.0	136.42726809407083	147	10.0	1.587357
SRR16683803_1	44.036259079012595	50.0	133.8347322533181	147	10.0	1.605286
SRR16683803_2	43.294540722928154	50.0	133.8799204627711	147	10.0	1.605286
SRR16683814_1	44.08893405045181	50.0	131.5995570359576	147	10.0	1.72926
SRR16683814_2	43.40125824680977	50.0	131.65349340180194	147	0.0	1.72926
